time,edge_id,vehicle_count
60.0,-1334905223#2,1
60.0,-260882327,1
60.0,-49695726,3
60.0,-51362430,2
60.0,-545977624#2,5
60.0,-593847703#3,2
60.0,-593847704#2,6
60.0,-594658757#2,1
60.0,1068234498#0,6
60.0,1068440006#0,3
60.0,1239087513,1
60.0,182334378#0,2
60.0,182336886,1
60.0,196961215#0,7
60.0,196961215#2,3
60.0,196961377#0,14
60.0,196961377#3,5
60.0,196961379#0,1
60.0,232003903#0,1
60.0,244450512#1,1
60.0,244450512#5,2
60.0,268564473#0,2
60.0,30620492#0,4
60.0,30620492#1,5
60.0,353392316#0,2
60.0,48794887#0,9
60.0,49073272#0,1
60.0,49073272#3,1
60.0,49073272#4,2
60.0,49695726,2
60.0,49695733#2,1
60.0,506322841#1,4
60.0,506322851#0,5
60.0,51289045#3,1
60.0,51362359#0,1
60.0,51362429#0,3
60.0,51362431,2
60.0,593842812#0,2
60.0,593842812#2,9
60.0,593847703#0,2
60.0,593849711#2,8
60.0,593849715,1
60.0,593852345#0,6
60.0,593852346,1
60.0,594658762#0,2
60.0,:11510670762_0,1
60.0,:3208478121_1,1
60.0,:3208478128_0,1
60.0,:619136999_2,1
60.0,:622618230_6,1
60.0,:655375336_9,1
60.0,:656132498_0,1
60.0,:cluster_3208478133_655375293_655375296_9631728504_#1more_11,1
60.0,:cluster_5372642442_631668976_631668981_631669076_12,3
60.0,:cluster_623980147_623980152_6,1
60.0,E0,3
80.0,-260882327,1
80.0,-49695726,4
80.0,-51362430,1
80.0,-545977624#2,8
80.0,-593847703#3,2
80.0,-593847704#2,8
80.0,-594658757#2,1
80.0,-E0,1
80.0,1068234498#0,4
80.0,1068234499#0,4
80.0,1068440001,2
80.0,1068440004#1,2
80.0,1068440006#0,3
80.0,1239087513,1
80.0,182334378#0,2
80.0,182336886,1
80.0,196961215#0,13
80.0,196961377#0,16
80.0,196961377#3,11
80.0,196961378#1,5
80.0,232003903#0,1
80.0,241518668#0,2
80.0,244450512#1,1
80.0,244450512#4,2
80.0,244450512#5,2
80.0,260881642#0,1
80.0,261898534,1
80.0,263217603#0,1
80.0,268564473#0,1
80.0,288135626#0,5
80.0,30620492#0,5
80.0,30620492#1,2
80.0,336063376#0,1
80.0,353392316#0,2
80.0,48794887#0,9
80.0,49073272#1,1
80.0,49073272#4,4
80.0,49695726,2
80.0,49695733#2,2
80.0,506322840#0,1
80.0,506322841#1,4
80.0,506322841#3,1
80.0,506322851#0,5
80.0,51289045#3,1
80.0,51362429#0,7
80.0,51362431,2
80.0,51392936#0,1
80.0,545977624#0,2
80.0,593842812#2,8
80.0,593844216#0,1
80.0,593847703#0,6
80.0,593849711#2,3
80.0,593852345#0,1
80.0,593852346,1
80.0,594658762#0,2
80.0,906806086#0,1
80.0,:11510670762_0,1
80.0,:2444664370_0,1
80.0,:2749340167_0,1
80.0,:3208478128_0,1
80.0,:619137000_1,1
80.0,:622618108_1,1
80.0,:622618112_0,1
80.0,:631668826_0,1
80.0,:655375232_6,1
80.0,:655375233_0,1
80.0,:655375241_0,1
80.0,:655375336_29,2
80.0,:656132498_0,1
80.0,:cluster_3208478133_655375293_655375296_9631728504_#1more_1,4
80.0,:cluster_3431431575_4777363357_655375231_6982059025_12,1
80.0,:cluster_4374470814_4374470816_656132411_656132475_4,1
80.0,:cluster_623980090_623980094_5,1
80.0,:cluster_623980147_623980152_3,2
80.0,:cluster_9383263990_9383263991_9383263992_9383263993_10,2
80.0,:cluster_9383263990_9383263991_9383263992_9383263993_21,1
80.0,E0,3
100.0,-1334905223#2,1
100.0,-260882327,2
100.0,-49695726,4
100.0,-51362430,3
100.0,-545977624#2,11
100.0,-593847703#3,3
100.0,-593847704#2,12
100.0,-594658757#2,1
100.0,-E0,1
100.0,1068234498#0,8
100.0,1068234499#0,4
100.0,1068440001,3
100.0,1068440004#1,2
100.0,1068440006#0,3
100.0,1239087513,1
100.0,182334378#0,4
100.0,182334379#0,5
100.0,182336886,1
100.0,196961215#0,9
100.0,196961215#2,3
100.0,196961377#0,22
100.0,196961377#3,11
100.0,232003903#0,1
100.0,241518668#0,4
100.0,244450512#4,2
100.0,244450512#5,2
100.0,268564473#0,2
100.0,288135628#0,1
100.0,30620492#0,2
100.0,30620492#1,3
100.0,48794887#0,9
100.0,49073272#1,1
100.0,49073272#3,2
100.0,49073272#4,6
100.0,49695726,2
100.0,49695733#2,1
100.0,49695736#0,4
100.0,506322840#0,2
100.0,506322841#1,3
100.0,506322844#0,1
100.0,506322851#0,6
100.0,51362429#0,9
100.0,51362431,4
100.0,51392846#0,1
100.0,51392936#0,1
100.0,593842812#0,1
100.0,593844221#0,1
100.0,593847703#0,11
100.0,593849711#2,1
100.0,593849715,1
100.0,593852345#0,4
100.0,593852346,1
100.0,594658762#0,2
100.0,:11510670762_0,1
100.0,:2081945236_0,1
100.0,:3208478128_0,2
100.0,:631668826_0,1
100.0,:655375233_4,1
100.0,:655375336_29,4
100.0,:656132499_0,1
100.0,:cluster_2528018119_655375236_23,1
100.0,:cluster_2528018119_655375236_6,1
100.0,:cluster_3208478133_655375293_655375296_9631728504_#1more_1,1
100.0,:cluster_4374470814_4374470816_656132411_656132475_6,1
100.0,:cluster_623980090_623980094_1,1
100.0,:cluster_623980147_623980152_9,1
100.0,:cluster_9383263990_9383263991_9383263992_9383263993_10,1
100.0,:cluster_9383263990_9383263991_9383263992_9383263993_21,1
100.0,E0,3
120.0,-260882327,1
120.0,-49695726,4
120.0,-51362430,2
120.0,-545977624#2,10
120.0,-593847703#3,6
120.0,-593847704#2,14
120.0,-593847705,1
120.0,-594658757#2,1
120.0,-E0,1
120.0,1068234498#0,3
120.0,1068234499#0,1
120.0,1068440001,6
120.0,1068440006#0,3
120.0,1239087513,1
120.0,182334378#0,5
120.0,182334379#0,6
120.0,182336886,1
120.0,182336887#2,1
120.0,196961215#0,8
120.0,196961215#2,5
120.0,196961377#0,27
120.0,196961377#3,11
120.0,196961379#0,1
120.0,232003903#0,1
120.0,241518668#0,5
120.0,244450512#1,1
120.0,244450512#4,2
120.0,244450512#5,2
120.0,260881642#0,1
120.0,268564473#0,4
120.0,288135626#0,6
120.0,288878926#0,3
120.0,30620492#0,4
120.0,30620492#1,1
120.0,336063376#0,1
120.0,484988952#0,1
120.0,48794887#0,8
120.0,49073272#1,2
120.0,49073272#3,1
120.0,49073272#4,7
120.0,49073274,1
120.0,49695726,2
120.0,49695733#2,2
120.0,49695736#0,3
120.0,506322840#0,1
120.0,506322841#1,4
120.0,506322844#0,1
120.0,506322851#0,5
120.0,506322853#0,1
120.0,51289045#3,1
120.0,51362429#0,9
120.0,51362431,5
120.0,51392936#0,1
120.0,593842812#0,2
120.0,593842812#2,1
120.0,593847702#0,2
120.0,593847702#3,1
120.0,593847703#0,11
120.0,593847704#0,1
120.0,593849711#0,1
120.0,593849711#2,3
120.0,593849721,1
120.0,593852345#0,7
120.0,594658762#0,1
120.0,906806086#0,1
120.0,:11510670762_0,1
120.0,:2444664370_0,1
120.0,:3208478128_0,2
120.0,:622618112_0,1
120.0,:631668826_0,1
120.0,:655375241_0,1
120.0,:655375336_29,4
120.0,:cluster_2528018119_655375236_16,1
120.0,:cluster_3208478133_655375293_655375296_9631728504_#1more_1,1
120.0,:cluster_3431431575_4777363357_655375231_6982059025_3,1
120.0,:cluster_5372642442_631668976_631668981_631669076_12,2
120.0,:cluster_619136929_619136942_8,1
120.0,:cluster_623980147_623980152_6,1
120.0,:cluster_9383263990_9383263991_9383263992_9383263993_10,1
120.0,E0,3
140.0,-1334905223#2,1
140.0,-260882327,2
140.0,-49695726,4
140.0,-51362430,5
140.0,-545977624#2,8
140.0,-593847703#3,9
140.0,-593847704#2,9
140.0,-594658757#2,3
140.0,-E0,1
140.0,1068234498#0,3
140.0,1068234499#0,4
140.0,1068440001,6
140.0,1239087513,1
140.0,182334378#0,8
140.0,182334379#0,7
140.0,182336886,1
140.0,196961215#0,13
140.0,196961215#2,3
140.0,196961377#0,27
140.0,196961377#3,7
140.0,196961378#1,5
140.0,196961379#0,1
140.0,232003903#0,1
140.0,244450512#4,3
140.0,244450512#5,2
140.0,268564473#0,2
140.0,288135626#0,3
140.0,288878927,1
140.0,30620492#0,3
140.0,30620492#1,2
140.0,314800955,1
140.0,336063376#0,2
140.0,35274074#0,1
140.0,353392316#0,6
140.0,48794887#0,10
140.0,49073272#0,1
140.0,49073272#4,5
140.0,49695726,3
140.0,49695733#2,1
140.0,506322841#1,4
140.0,506322851#0,6
140.0,506322853#0,1
140.0,51289045#3,1
140.0,51362429#0,9
140.0,51362431,7
140.0,51392936#0,1
140.0,593842812#0,2
140.0,593842812#2,7
140.0,593844221#0,2
140.0,593847702#3,1
140.0,593847703#0,15
140.0,593847704#0,1
140.0,593849711#0,1
140.0,593849711#2,7
140.0,593849718#0,2
140.0,593852345#0,3
140.0,593852346,2
140.0,594658762#0,2
140.0,:11510670762_0,1
140.0,:3086736518_7,1
140.0,:3208478128_0,2
140.0,:622618108_0,1
140.0,:622618108_1,1
140.0,:622618197_6,1
140.0,:655375233_0,1
140.0,:655375336_1,1
140.0,:cluster_2528018119_655375236_6,1
140.0,:cluster_3431431575_4777363357_655375231_6982059025_12,1
140.0,:cluster_619136929_619136942_15,1
140.0,:cluster_623980090_623980094_5,1
140.0,:cluster_623980147_623980152_3,1
140.0,E0,3
160.0,-260882327,2
160.0,-49695726,4
160.0,-51362430,4
160.0,-545977624#2,6
160.0,-593847703#3,10
160.0,-593847704#2,12
160.0,-594658757#2,3
160.0,1068234498#0,3
160.0,1068234499#0,7
160.0,1068440001,3
160.0,1334904386#0,1
160.0,182334378#0,9
160.0,182334379#0,3
160.0,182336886,1
160.0,196961215#0,11
160.0,196961215#2,4
160.0,196961377#0,20
160.0,196961377#3,6
160.0,196961379#0,1
160.0,232003903#0,1
160.0,241518668#0,2
160.0,244450512#4,3
160.0,244450512#5,2
160.0,268564473#0,1
160.0,288135626#0,2
160.0,288878926#0,2
160.0,30620492#0,6
160.0,30620492#1,3
160.0,314800955,1
160.0,353392316#0,9
160.0,484988952#0,1
160.0,48794887#0,9
160.0,49073272#1,2
160.0,49073272#3,1
160.0,49073272#4,5
160.0,49695726,2
160.0,49695733#2,1
160.0,506322840#0,1
160.0,506322841#1,4
160.0,506322851#0,5
160.0,506322853#0,1
160.0,51289045#3,1
160.0,51362359#0,1
160.0,51362429#0,9
160.0,51362431,8
160.0,593842812#0,3
160.0,593842812#2,14
160.0,593844221#0,3
160.0,593847703#0,11
160.0,593847704#0,1
160.0,593849711#0,1
160.0,593849711#2,9
160.0,593849718#0,3
160.0,593852345#0,4
160.0,593852346,1
160.0,594658762#0,2
160.0,906806086#0,1
160.0,:11510670762_0,1
160.0,:2444664370_0,1
160.0,:3208478128_0,2
160.0,:619136999_2,1
160.0,:622618197_0,1
160.0,:631668826_0,1
160.0,:655375245_0,1
160.0,:656132414_2,1
160.0,:cluster_2528018119_655375236_2,3
160.0,:cluster_3208478133_655375293_655375296_9631728504_#1more_8,4
160.0,:cluster_5372642442_631668976_631668981_631669076_12,1
160.0,:cluster_623980090_623980094_1,2
160.0,:cluster_623980147_623980152_3,1
160.0,:cluster_9383263990_9383263991_9383263992_9383263993_10,2
160.0,E0,3
180.0,-1334905223#2,1
180.0,-260882327,1
180.0,-49695726,4
180.0,-51362430,4
180.0,-545977624#2,9
180.0,-593847703#3,10
180.0,-593847704#2,14
180.0,-594658757#2,3
180.0,1068234498#0,8
180.0,1068234499#0,9
180.0,1068440001,6
180.0,1068440006#0,1
180.0,1334904386#0,1
180.0,182334378#0,9
180.0,182334379#0,10
180.0,182336886,1
180.0,196961215#0,14
180.0,196961215#2,4
180.0,196961377#0,16
180.0,196961377#3,7
180.0,232003903#0,1
180.0,241518668#0,2
180.0,244450512#0,1
180.0,244450512#4,3
180.0,244450512#5,2
180.0,268564473#0,2
180.0,288135626#0,1
180.0,288135628#0,3
180.0,30620492#0,3
180.0,30620492#1,2
180.0,314800955,1
180.0,336063376#0,1
180.0,353392316#0,2
180.0,484988952#0,1
180.0,48794887#0,7
180.0,49073272#0,1
180.0,49073272#4,7
180.0,49695726,3
180.0,49695733#2,1
180.0,506322840#0,2
180.0,506322841#1,4
180.0,506322851#0,5
180.0,506322853#0,1
180.0,51289045#3,1
180.0,51362429#0,5
180.0,51362431,10
180.0,51392936#0,1
180.0,593842812#0,7
180.0,593842812#2,14
180.0,593844221#0,3
180.0,593847703#0,5
180.0,593849711#0,2
180.0,593849711#2,11
180.0,593849718#0,3
180.0,593852345#0,6
180.0,593852346,1
180.0,594658762#0,3
180.0,:11510670762_0,1
180.0,:2444664370_0,1
180.0,:2749340167_0,1
180.0,:3208478121_1,1
180.0,:3208478128_0,2
180.0,:619136999_2,1
180.0,:619137000_1,1
180.0,:622618108_0,1
180.0,:631668826_0,1
180.0,:655375232_1,1
180.0,:655375232_11,1
180.0,:cluster_2528018119_655375236_2,2
180.0,:cluster_3208478133_655375293_655375296_9631728504_#1more_8,5
180.0,:cluster_5372642442_631668976_631668981_631669076_10,1
180.0,:cluster_5372642442_631668976_631668981_631669076_25,1
180.0,:cluster_623980090_623980094_5,1
180.0,:cluster_623980147_623980152_6,3
180.0,:cluster_9383263990_9383263991_9383263992_9383263993_10,2
180.0,:cluster_9383263990_9383263991_9383263992_9383263993_21,1
180.0,E0,5
200.0,-1334905223#2,1
200.0,-260882327,2
200.0,-49695726,4
200.0,-51362430,7
200.0,-545977624#2,10
200.0,-593847703#3,10
200.0,-593847704#2,20
200.0,-594658757#2,3
200.0,1068234498#0,12
200.0,1068234499#0,9
200.0,1068440001,6
200.0,1068440006#0,6
200.0,1334904386#0,1
200.0,182334378#0,9
200.0,182334379#0,17
200.0,182336886,1
200.0,182336887#2,1
200.0,196961215#0,16
200.0,196961377#0,18
200.0,196961377#3,10
200.0,196961378#1,4
200.0,198001764#0,2
200.0,232003903#0,1
200.0,244450512#0,2
200.0,244450512#4,3
200.0,244450512#5,2
200.0,259080307#0,1
200.0,268564473#0,3
200.0,288878926#0,2
200.0,30620492#0,4
200.0,314800955,1
200.0,336063376#0,2
200.0,484988952#0,1
200.0,48794887#0,10
200.0,49073272#1,1
200.0,49073272#4,9
200.0,49695726,2
200.0,49695733#2,1
200.0,506322840#0,2
200.0,506322841#1,3
200.0,506322851#0,7
200.0,51362429#0,3
200.0,51362431,10
200.0,51392846#0,1
200.0,593842812#0,9
200.0,593842812#2,14
200.0,593844221#0,3
200.0,593847703#0,1
200.0,593849711#0,1
200.0,593849711#2,12
200.0,593852345#0,2
200.0,593852346,1
200.0,594658762#0,2
200.0,:11510670762_0,1
200.0,:2444664370_0,2
200.0,:3208478121_1,1
200.0,:3208478128_0,2
200.0,:622618230_6,1
200.0,:631668826_0,1
200.0,:631668926_0,1
200.0,:655375232_1,1
200.0,:655375245_0,1
200.0,:656132499_0,1
200.0,:cluster_3208478133_655375293_655375296_9631728504_#1more_8,5
200.0,:cluster_623980090_623980094_1,3
200.0,:cluster_623980147_623980152_3,1
200.0,:cluster_9383263990_9383263991_9383263992_9383263993_10,2
200.0,E0,8
220.0,-260882327,2
220.0,-49695726,6
220.0,-51362430,11
220.0,-545977624#2,16
220.0,-593847703#3,11
220.0,-593847704#2,21
220.0,-594658757#2,3
220.0,1068234498#0,5
220.0,1068234499#0,6
220.0,1068440001,8
220.0,1068440006#0,7
220.0,1334904386#0,1
220.0,182334378#0,11
220.0,182336886,1
220.0,196961215#0,14
220.0,196961215#2,4
220.0,196961377#0,24
220.0,196961377#3,10
220.0,196961379#0,1
220.0,232003903#0,1
220.0,241518668#0,3
220.0,244450512#0,2
220.0,244450512#4,3
220.0,244450512#5,2
220.0,268564473#0,2
220.0,288135626#0,10
220.0,288135628#0,6
220.0,30620492#0,4
220.0,30620492#1,1
220.0,314800955,1
220.0,353392316#0,6
220.0,48794887#0,9
220.0,49073272#4,4
220.0,49695726,3
220.0,49695733#0,1
220.0,49695733#2,1
220.0,506322840#0,2
220.0,506322841#1,4
220.0,506322851#0,5
220.0,506322853#0,1
220.0,51289045#3,1
220.0,51362429#0,3
220.0,51362431,10
220.0,51392936#0,1
220.0,593842812#0,9
220.0,593842812#2,14
220.0,593844221#0,3
220.0,593847702#3,1
220.0,593847703#0,1
220.0,593849711#0,2
220.0,593849711#2,14
220.0,593849721,1
220.0,593852345#0,5
220.0,593852346,1
220.0,594658762#0,3
220.0,:11510670762_0,1
220.0,:2444664370_0,1
220.0,:3208478128_0,2
220.0,:619136999_2,1
220.0,:622618108_0,1
220.0,:655375232_1,1
220.0,:655375241_0,1
220.0,:655375245_0,1
220.0,:cluster_2528018119_655375236_6,1
220.0,:cluster_3208478133_655375293_655375296_9631728504_#1more_8,5
220.0,:cluster_3431431575_4777363357_655375231_6982059025_3,1
220.0,:cluster_5372642442_631668976_631668981_631669076_12,2
220.0,:cluster_619136929_619136942_8,1
220.0,:cluster_623980090_623980094_1,1
220.0,:cluster_623980147_623980152_6,2
220.0,E0,14
240.0,-1334905223#2,2
240.0,-260882327,1
240.0,-49073264#1,1
240.0,-49695726,5
240.0,-51362430,14
240.0,-545977624#2,18
240.0,-593847703#3,12
240.0,-593847704#2,21
240.0,-594658757#2,5
240.0,-E0,2
240.0,1068234498#0,3
240.0,1068234499#0,10
240.0,1068440001,8
240.0,1068440004#1,2
240.0,1068440006#0,7
240.0,1334904386#0,1
240.0,182334378#0,4
240.0,182336886,1
240.0,196961215#0,8
240.0,196961215#2,3
240.0,196961377#0,26
240.0,196961377#3,11
240.0,196961379#0,1
240.0,232003903#0,2
240.0,241518668#0,5
240.0,244450512#0,2
240.0,244450512#4,3
240.0,244450512#5,2
240.0,268564473#0,4
240.0,288135626#0,13
240.0,288878926#0,3
240.0,303647015#0,1
240.0,30620492#0,5
240.0,30620492#1,5
240.0,314800955,1
240.0,336063376#0,3
240.0,353392316#0,11
240.0,48794887#0,8
240.0,49073274,1
240.0,49695726,2
240.0,49695733#2,1
240.0,506322841#1,4
240.0,506322851#0,5
240.0,506322853#0,1
240.0,51289045#3,1
240.0,51362429#0,7
240.0,51362431,10
240.0,51392936#0,1
240.0,593842812#0,9
240.0,593842812#2,14
240.0,593844221#0,3
240.0,593847702#3,1
240.0,593847703#0,3
240.0,593849711#0,2
240.0,593849711#2,9
240.0,593852345#0,8
240.0,594658762#0,3
240.0,910567294,1
240.0,:11510670762_0,1
240.0,:2444664370_0,1
240.0,:3208478128_0,2
240.0,:622618108_0,1
240.0,:631668826_0,1
240.0,:655375232_6,1
240.0,:655375233_0,2
240.0,:655375245_0,1
240.0,:655375336_38,1
240.0,:656132476_1,1
240.0,:cluster_3208478133_655375293_655375296_9631728504_#1more_11,4
240.0,:cluster_3208478133_655375293_655375296_9631728504_#1more_14,1
240.0,:cluster_3208478133_655375293_655375296_9631728504_#1more_8,5
240.0,:cluster_3431431575_4777363357_655375231_6982059025_12,1
240.0,:cluster_5372642442_631668976_631668981_631669076_12,1
240.0,:cluster_623980090_623980094_1,2
240.0,:cluster_623980147_623980152_14,1
240.0,E0,16
260.0,-260882327,1
260.0,-49695726,4
260.0,-51362430,14
260.0,-545977624#2,18
260.0,-593847703#3,14
260.0,-593847704#2,21
260.0,-594658757#2,5
260.0,-E0,5
260.0,1068234498#0,8
260.0,1068234499#0,6
260.0,1068440001,8
260.0,1068440004#1,4
260.0,1068440006#0,7
260.0,1334904386#0,1
260.0,182334378#0,1
260.0,182336886,1
260.0,196961215#0,10
260.0,196961377#0,27
260.0,196961377#3,11
260.0,196961378#1,2
260.0,196961379#0,1
260.0,232003903#0,2
260.0,244450512#0,2
260.0,244450512#4,3
260.0,244450512#5,2
260.0,268564473#0,6
260.0,288135626#0,13
260.0,288135628#0,4
260.0,288878926#0,8
260.0,30620492#0,5
260.0,30620492#1,3
260.0,336063376#0,2
260.0,353392316#0,4
260.0,484988952#0,1
260.0,48794887#0,10
260.0,49695726,3
260.0,49695733#2,1
260.0,506322840#0,2
260.0,506322841#1,4
260.0,506322851#0,6
260.0,506322853#0,1
260.0,51289045#3,1
260.0,51362359#0,1
260.0,51362429#0,9
260.0,51362431,10
260.0,593842812#0,9
260.0,593842812#2,14
260.0,593844221#0,1
260.0,593847703#0,13
260.0,593849711#2,2
260.0,593852345#0,8
260.0,593852346,1
260.0,594658762#0,3
260.0,910567294,1
260.0,:11510670762_0,1
260.0,:2444664370_0,1
260.0,:2749340167_0,1
260.0,:3086736518_1,1
260.0,:3208478128_0,2
260.0,:622618108_0,1
260.0,:622618230_0,1
260.0,:655375232_6,1
260.0,:655375233_0,1
260.0,:655375245_0,1
260.0,:655375336_29,2
260.0,:656132476_1,1
260.0,:cluster_2528018119_655375236_6,1
260.0,:cluster_2528018119_655375236_7,1
260.0,:cluster_3208478133_655375293_655375296_9631728504_#1more_11,5
260.0,:cluster_3208478133_655375293_655375296_9631728504_#1more_14,1
260.0,:cluster_3208478133_655375293_655375296_9631728504_#1more_8,5
260.0,:cluster_5372642442_631668976_631668981_631669076_25,1
260.0,:cluster_623980090_623980094_5,1
260.0,:cluster_623980147_623980152_14,1
260.0,:cluster_9383263990_9383263991_9383263992_9383263993_10,2
260.0,:cluster_9383263990_9383263991_9383263992_9383263993_21,1
260.0,E0,16
280.0,-1334905223#2,1
280.0,-260882327,1
280.0,-49695726,4
280.0,-51362430,17
280.0,-545977624#2,18
280.0,-593847703#3,17
280.0,-593847704#2,21
280.0,-594658757#2,6
280.0,-E0,5
280.0,1068234498#0,9
280.0,1068234499#0,8
280.0,1068440001,7
280.0,1068440004#1,4
280.0,1068440006#0,7
280.0,1239087513,1
280.0,1334904386#0,3
280.0,182334378#0,3
280.0,182334379#0,2
280.0,182336886,1
280.0,196961215#0,16
280.0,196961377#0,27
280.0,196961377#3,11
280.0,196961378#1,5
280.0,232003903#0,2
280.0,244450512#0,2
280.0,244450512#4,3
280.0,244450512#5,2
280.0,268564473#0,2
280.0,288135626#0,7
280.0,288135628#0,1
280.0,288878926#0,3
280.0,288878927,2
280.0,30620492#0,1
280.0,30620492#1,3
280.0,484988952#0,2
280.0,48794887#0,9
280.0,49695726,2
280.0,49695733#2,1
280.0,506322840#0,2
280.0,506322841#1,3
280.0,506322841#3,1
280.0,506322851#0,5
280.0,51289045#3,1
280.0,51362429#0,9
280.0,51362431,10
280.0,51392936#0,1
280.0,593842812#0,9
280.0,593842812#2,14
280.0,593844216#0,2
280.0,593844221#0,1
280.0,593847703#0,17
280.0,593849711#0,1
280.0,593849711#2,1
280.0,593852345#0,1
280.0,593852346,1
280.0,594658762#0,2
280.0,910567294,1
280.0,:11510670762_0,1
280.0,:2444664370_0,1
280.0,:3208478128_0,2
280.0,:622618108_0,1
280.0,:655375233_5,1
280.0,:655375245_0,1
280.0,:655375336_48,1
280.0,:656132476_1,1
280.0,:cluster_3208478133_655375293_655375296_9631728504_#1more_11,3
280.0,:cluster_3208478133_655375293_655375296_9631728504_#1more_14,1
280.0,:cluster_3208478133_655375293_655375296_9631728504_#1more_8,1
280.0,:cluster_5372642442_631668976_631668981_631669076_12,4
280.0,:cluster_619136929_619136942_5,1
280.0,:cluster_623980090_623980094_5,1
280.0,:cluster_623980147_623980152_3,1
280.0,:cluster_9383263990_9383263991_9383263992_9383263993_10,2
280.0,E0,16
300.0,-260882327,1
300.0,-49695726,4
300.0,-51362430,19
300.0,-545977624#2,18
300.0,-593847703#3,8
300.0,-593847704#2,21
300.0,-594658757#2,7
300.0,-E0,5
300.0,1068234498#0,6
300.0,1068234499#0,10
300.0,1068440001,7
300.0,1068440004#1,4
300.0,1068440006#0,7
300.0,1239087513,1
300.0,1334904386#0,2
300.0,182334378#0,3
300.0,182334379#0,3
300.0,182336887#2,1
300.0,196961215#0,12
300.0,196961215#2,3
300.0,196961377#0,27
300.0,196961377#3,11
300.0,198001764#0,1
300.0,232003903#0,2
300.0,241518668#0,2
300.0,244450512#0,2
300.0,244450512#4,3
300.0,244450512#5,2
300.0,268564473#0,2
300.0,288135626#0,15
300.0,288878926#0,1
300.0,30620492#0,4
300.0,484988952#0,1
300.0,48794887#0,8
300.0,49695726,2
300.0,49695733#0,1
300.0,49695733#2,1
300.0,49695736#0,5
300.0,506322840#0,1
300.0,506322841#1,2
300.0,506322851#0,5
300.0,51289045#5,1
300.0,51362429#0,9
300.0,51362431,10
300.0,545977624#0,5
300.0,593842812#0,1
300.0,593842812#2,8
300.0,593844221#0,1
300.0,593847702#0,1
300.0,593847703#0,11
300.0,593847704#0,4
300.0,593849711#0,2
300.0,593849711#2,3
300.0,593852345#0,4
300.0,593852346,1
300.0,594658762#0,2
300.0,910567294,1
300.0,:11510670762_0,1
300.0,:1926948273_0,1
300.0,:2081945236_0,1
300.0,:2444664370_0,1
300.0,:3086736518_9,1
300.0,:3208478128_0,2
300.0,:3431431576_0,1
300.0,:622618108_0,1
300.0,:655375233_4,2
300.0,:655375245_0,1
300.0,:655375336_29,4
300.0,:656132476_1,1
300.0,:656132498_0,2
300.0,:656132499_0,1
300.0,:cluster_2528018119_655375236_2,2
300.0,:cluster_2528018119_655375236_22,1
300.0,:cluster_3208478133_655375293_655375296_9631728504_#1more_1,3
300.0,:cluster_5372642442_631668976_631668981_631669076_12,1
300.0,:cluster_623980090_623980094_1,2
300.0,:cluster_623980147_623980152_6,1
300.0,:cluster_655375246_655375489_3,2
300.0,E0,16
320.0,-260882327,1
320.0,-49695726,4
320.0,-51362430,19
320.0,-545977624#2,13
320.0,-593847704#2,21
320.0,-594658757#2,7
320.0,-E0,5
320.0,1068234498#0,6
320.0,1068234499#0,11
320.0,1068440001,7
320.0,1068440004#1,4
320.0,1068440006#0,7
320.0,1239087513,1
320.0,182334378#0,3
320.0,182334379#0,9
320.0,182336886,1
320.0,182336887#0,1
320.0,182336887#2,2
320.0,196961215#0,3
320.0,196961215#2,3
320.0,196961377#0,27
320.0,196961377#3,11
320.0,198001764#0,1
320.0,232003903#0,2
320.0,241518668#0,2
320.0,244450512#0,2
320.0,244450512#4,3
320.0,244450512#5,2
320.0,268564473#0,2
320.0,288135626#0,15
320.0,288135628#0,1
320.0,288878926#0,2
320.0,303647015#0,2
320.0,336063376#0,3
320.0,48794887#0,8
320.0,49695726,3
320.0,49695736#0,14
320.0,506322840#0,1
320.0,506322841#1,2
320.0,506322851#0,6
320.0,51289045#5,1
320.0,51362429#0,9
320.0,51362431,10
320.0,593842812#0,2
320.0,593842812#2,8
320.0,593844221#0,2
320.0,593847702#0,5
320.0,593847703#0,3
320.0,593847704#0,2
320.0,593849711#2,6
320.0,593852345#0,4
320.0,910567294,1
320.0,:11510670762_0,1
320.0,:2444664370_0,1
320.0,:3086736518_19,1
320.0,:3208478128_0,2
320.0,:622618108_0,1
320.0,:655375244_0,1
320.0,:655375245_0,1
320.0,:655375336_29,1
320.0,:655375336_48,1
320.0,:656132476_1,1
320.0,:cluster_2528018119_655375236_2,3
320.0,:cluster_3208478133_655375293_655375296_9631728504_#1more_1,1
320.0,:cluster_3431431575_4777363357_655375231_6982059025_12,1
320.0,:cluster_623980090_623980094_1,1
320.0,:cluster_623980147_623980152_14,1
320.0,E0,16
340.0,-260882327,1
340.0,-49695726,4
340.0,-51362430,19
340.0,-545977624#2,8
340.0,-593847704#2,20
340.0,-593847705,1
340.0,-594658757#2,8
340.0,-E0,5
340.0,1068234498#0,2
340.0,1068234499#0,12
340.0,1068440001,5
340.0,1068440006#0,6
340.0,182334378#0,3
340.0,182334379#0,7
340.0,182336887#0,1
340.0,182336887#2,1
340.0,196961377#0,27
340.0,196961377#3,7
340.0,196961378#1,3
340.0,198001764#0,1
340.0,232003903#0,2
340.0,241518668#0,1
340.0,244450512#0,2
340.0,244450512#4,3
340.0,244450512#5,2
340.0,268564473#0,2
340.0,288135626#0,15
340.0,288135628#0,3
340.0,288878926#0,9
340.0,30620492#1,1
340.0,48794887#0,9
340.0,49695726,3
340.0,49695736#0,16
340.0,506322841#1,2
340.0,506322841#3,1
340.0,506322851#0,6
340.0,51362429#0,9
340.0,51362431,9
340.0,593842812#0,3
340.0,593842812#2,14
340.0,593844221#0,3
340.0,593847702#0,3
340.0,593849711#2,6
340.0,593849718#0,3
340.0,594658757#0,1
340.0,910567294,1
340.0,:2444664370_0,1
340.0,:3086736518_7,1
340.0,:3208478128_0,1
340.0,:622618108_0,1
340.0,:655375244_0,1
340.0,:655375245_0,1
340.0,:cluster_3208478133_655375293_655375296_9631728504_#1more_1,1
340.0,:cluster_3208478133_655375293_655375296_9631728504_#1more_8,3
340.0,:cluster_4374470814_4374470816_656132411_656132475_6,1
340.0,:cluster_5372642442_631668976_631668981_631669076_1,5
340.0,:cluster_5372642442_631668976_631668981_631669076_12,3
340.0,:cluster_623980090_623980094_5,1
340.0,E0,16
360.0,-260882327,2
360.0,-51362430,15
360.0,-545977624#2,8
360.0,-593847703#3,2
360.0,-593847704#2,19
360.0,-593847705,1
360.0,-594658757#2,7
360.0,-E0,5
360.0,1068234498#0,2
360.0,1068234499#0,7
360.0,1068440001,6
360.0,1068440006#0,6
360.0,1334904386#0,1
360.0,182334378#0,7
360.0,182334379#0,12
360.0,182336887#0,2
360.0,182336887#2,1
360.0,196961377#0,26
360.0,198001764#0,1
360.0,232003903#0,2
360.0,244450512#0,2
360.0,244450512#4,2
360.0,244450512#5,2
360.0,259080307#0,1
360.0,288135626#0,16
360.0,288878926#0,2
360.0,303647015#0,1
360.0,48794887#0,8
360.0,49695726,2
360.0,49695736#0,1
360.0,506322841#1,2
360.0,506322851#0,6
360.0,51362429#0,9
360.0,51362431,10
360.0,593842812#0,9
360.0,593842812#2,14
360.0,593844221#0,3
360.0,593849711#0,1
360.0,593849711#2,6
360.0,593849718#0,2
360.0,910567294,1
360.0,:11510670762_0,1
360.0,:2081945236_2,1
360.0,:2444664370_0,1
360.0,:3086736518_7,1
360.0,:3208478128_0,2
360.0,:619136999_2,1
360.0,:622618108_0,1
360.0,:622618197_6,1
360.0,:622618230_6,1
360.0,:631668826_0,1
360.0,:655375233_0,1
360.0,:655375244_0,1
360.0,:655375245_0,1
360.0,:cluster_2528018119_655375236_16,3
360.0,:cluster_2528018119_655375236_7,1
360.0,:cluster_3208478133_655375293_655375296_9631728504_#1more_1,1
360.0,:cluster_3208478133_655375293_655375296_9631728504_#1more_8,5
360.0,E0,15
380.0,-260882327,1
380.0,-51362430,16
380.0,-545977624#2,15
380.0,-593847703#3,8
380.0,-593847704#2,21
380.0,-593847705,1
380.0,-594658757#2,7
380.0,-E0,5
380.0,1068234498#0,2
380.0,1068234499#0,6
380.0,1068440001,7
380.0,1068440006#0,6
380.0,1334904386#0,1
380.0,182334378#0,11
380.0,182336887#0,3
380.0,182336887#2,1
380.0,196961377#0,17
380.0,196961377#3,9
380.0,232003903#0,2
380.0,244450512#0,2
380.0,244450512#4,2
380.0,244450512#5,2
380.0,288135626#0,7
380.0,48794887#0,6
380.0,506322841#1,2
380.0,506322841#3,1
380.0,506322851#0,6
380.0,51362429#0,9
380.0,51362431,10
380.0,593842812#0,9
380.0,593842812#2,14
380.0,593844221#0,3
380.0,593849711#2,6
380.0,910567294,1
380.0,:11510670762_0,1
380.0,:2444664370_0,1
380.0,:3086736518_7,1
380.0,:3208478128_0,2
380.0,:619136999_2,1
380.0,:622618108_0,1
380.0,:655375233_0,1
380.0,:655375245_0,1
380.0,:cluster_2528018119_655375236_6,1
380.0,:cluster_3208478133_655375293_655375296_9631728504_#1more_1,1
380.0,:cluster_3208478133_655375293_655375296_9631728504_#1more_8,5
380.0,E0,15
400.0,-260882327,1
400.0,-51362430,16
400.0,-545977624#2,18
400.0,-593847703#3,14
400.0,-593847704#2,21
400.0,-593847705,1
400.0,-594658757#2,9
400.0,-E0,4
400.0,1068234499#0,4
400.0,1068440001,7
400.0,1068440006#0,6
400.0,182334378#0,14
400.0,182336887#0,3
400.0,182336887#2,1
400.0,196961377#0,19
400.0,196961377#3,11
400.0,198001764#0,2
400.0,232003903#0,2
400.0,244450512#0,2
400.0,244450512#4,2
400.0,244450512#5,2
400.0,288135626#0,1
400.0,303647015#0,1
400.0,506322841#1,2
400.0,506322851#0,5
400.0,51362429#0,9
400.0,51362431,10
400.0,593842812#0,9
400.0,593842812#2,14
400.0,593844221#0,3
400.0,593849711#2,6
400.0,910567294,1
400.0,:11510670762_0,1
400.0,:2444664370_0,1
400.0,:3086736518_14,1
400.0,:3086736518_7,1
400.0,:3139322031_0,1
400.0,:3208478128_0,2
400.0,:622618108_0,1
400.0,:655375233_0,1
400.0,:655375245_0,1
400.0,:656132476_1,1
400.0,:cluster_2528018119_655375236_23,1
400.0,:cluster_2528018119_655375236_6,1
400.0,:cluster_3208478133_655375293_655375296_9631728504_#1more_1,1
400.0,:cluster_3208478133_655375293_655375296_9631728504_#1more_8,5
400.0,E0,13
420.0,-260882327,1
420.0,-51362430,16
420.0,-545977624#2,18
420.0,-593847703#3,17
420.0,-593847704#2,21
420.0,-593847705,1
420.0,-594658757#2,9
420.0,-E0,4
420.0,1068234499#0,5
420.0,1068440001,7
420.0,1068440006#0,6
420.0,182334378#0,14
420.0,182336887#0,2
420.0,182336887#2,2
420.0,196961377#0,26
420.0,196961377#3,10
420.0,232003903#0,2
420.0,244450512#0,2
420.0,244450512#4,2
420.0,244450512#5,2
420.0,506322841#1,2
420.0,506322841#3,2
420.0,506322851#0,6
420.0,51362429#0,9
420.0,51362431,10
420.0,593842812#0,9
420.0,593842812#2,14
420.0,593844221#0,3
420.0,593849711#2,6
420.0,593849718#0,1
420.0,910567294,1
420.0,:11510670762_0,1
420.0,:2081945236_0,1
420.0,:3086736518_14,1
420.0,:3086736518_7,1
420.0,:3139322031_0,1
420.0,:3208478128_0,2
420.0,:622618108_0,1
420.0,:655375233_0,1
420.0,:655375245_0,1
420.0,:656132476_1,1
420.0,:cluster_3208478133_655375293_655375296_9631728504_#1more_1,1
420.0,:cluster_3208478133_655375293_655375296_9631728504_#1more_8,5
420.0,E0,13
440.0,-260882327,1
440.0,-51362430,16
440.0,-545977624#2,18
440.0,-593847703#3,18
440.0,-593847704#2,21
440.0,-594658757#2,9
440.0,-E0,4
440.0,1068234499#0,4
440.0,1068440001,7
440.0,1068440006#0,8
440.0,182334378#0,14
440.0,182336887#0,3
440.0,196961377#0,27
440.0,196961377#3,3
440.0,198001764#0,1
440.0,232003903#0,2
440.0,244450512#0,2
440.0,244450512#4,2
440.0,244450512#5,2
440.0,506322841#1,2
440.0,506322841#3,2
440.0,506322851#0,5
440.0,51362429#0,4
440.0,51362431,10
440.0,593842812#0,9
440.0,593842812#2,14
440.0,593844221#0,3
440.0,593847703#0,2
440.0,593847704#0,2
440.0,593849711#2,6
440.0,593849718#0,3
440.0,910567294,1
440.0,:11510670762_0,1
440.0,:1926948273_0,1
440.0,:3086736518_0,1
440.0,:3086736518_16,1
440.0,:3139322031_0,1
440.0,:3208478128_0,2
440.0,:622618108_0,1
440.0,:655375232_1,1
440.0,:655375245_0,1
440.0,:656132476_1,1
440.0,:cluster_3208478133_655375293_655375296_9631728504_#1more_1,1
440.0,:cluster_3208478133_655375293_655375296_9631728504_#1more_8,5
440.0,E0,15
460.0,-260882327,1
460.0,-51362430,16
460.0,-545977624#2,18
460.0,-593847703#3,18
460.0,-593847704#2,21
460.0,-594658757#2,9
460.0,-E0,5
460.0,1068234499#0,4
460.0,1068440001,7
460.0,1068440004#1,5
460.0,1068440006#0,10
460.0,182334378#0,8
460.0,182334379#0,1
460.0,182336887#0,3
460.0,182336887#2,1
460.0,196961377#0,23
460.0,196961377#3,3
460.0,198001764#0,1
460.0,232003903#0,3
460.0,244450512#0,2
460.0,244450512#4,2
460.0,244450512#5,2
460.0,506322841#1,2
460.0,506322841#3,2
460.0,506322851#0,6
460.0,51362429#0,6
460.0,51362431,10
460.0,593842812#0,9
460.0,593842812#2,14
460.0,593844221#0,3
460.0,593849711#2,6
460.0,910567294,1
460.0,:11510670762_0,1
460.0,:2749340167_2,1
460.0,:3139322031_0,1
460.0,:3208478128_0,2
460.0,:619136999_2,1
460.0,:622618108_0,1
460.0,:655375245_0,1
460.0,:656132476_1,1
460.0,:cluster_2528018119_655375236_2,1
460.0,:cluster_3208478133_655375293_655375296_9631728504_#1more_1,1
460.0,:cluster_3208478133_655375293_655375296_9631728504_#1more_11,4
460.0,:cluster_3208478133_655375293_655375296_9631728504_#1more_14,1
460.0,:cluster_3208478133_655375293_655375296_9631728504_#1more_8,5
460.0,E0,20
480.0,-260882327,1
480.0,-51362430,16
480.0,-545977624#2,18
480.0,-593847703#3,18
480.0,-593847704#2,21
480.0,-594658757#2,12
480.0,-E0,5
480.0,1068234499#0,4
480.0,1068440001,6
480.0,1068440004#1,5
480.0,1068440006#0,10
480.0,1239087513,1
480.0,182334378#0,8
480.0,182334379#0,3
480.0,182336887#0,3
480.0,182336887#2,1
480.0,196961377#0,16
480.0,196961377#3,11
480.0,232003903#0,4
480.0,244450512#0,2
480.0,244450512#4,2
480.0,244450512#5,2
480.0,506322841#1,3
480.0,506322841#3,3
480.0,506322851#0,5
480.0,51362429#0,6
480.0,51362431,10
480.0,593842812#0,9
480.0,593842812#2,14
480.0,593847703#0,3
480.0,593849711#2,1
480.0,910567294,1
480.0,:11510670762_0,1
480.0,:2749340167_2,1
480.0,:3139322031_0,1
480.0,:3208478128_0,2
480.0,:622618108_0,1
480.0,:655375232_6,1
480.0,:655375233_0,1
480.0,:655375245_0,1
480.0,:655375336_29,1
480.0,:656132476_1,1
480.0,:cluster_2528018119_655375236_16,2
480.0,:cluster_3208478133_655375293_655375296_9631728504_#1more_11,4
480.0,:cluster_3208478133_655375293_655375296_9631728504_#1more_14,1
480.0,:cluster_3208478133_655375293_655375296_9631728504_#1more_8,2
480.0,E0,20
500.0,-260882327,1
500.0,-51362430,16
500.0,-545977624#2,17
500.0,-593847703#3,16
500.0,-593847704#2,21
500.0,-594658757#2,13
500.0,-E0,5
500.0,1068234499#0,4
500.0,1068440001,6
500.0,1068440004#1,5
500.0,1068440006#0,10
500.0,1239087513,1
500.0,182334378#0,8
500.0,182334379#0,1
500.0,182336887#0,3
500.0,182336887#2,1
500.0,196961377#0,21
500.0,196961377#3,11
500.0,232003903#0,4
500.0,244450512#0,2
500.0,244450512#4,2
500.0,244450512#5,2
500.0,288135628#0,1
500.0,49695736#0,5
500.0,506322841#1,2
500.0,51289045#5,1
500.0,51362429#0,6
500.0,51362431,10
500.0,593842812#0,3
500.0,593842812#2,6
500.0,593844216#0,4
500.0,593847703#0,2
500.0,910567294,1
500.0,:11510670762_0,1
500.0,:1926948273_0,1
500.0,:2081945236_0,1
500.0,:2749340167_2,1
500.0,:3139322031_0,1
500.0,:3208478128_0,2
500.0,:622618108_0,1
500.0,:655375233_14,1
500.0,:655375233_4,1
500.0,:655375245_0,1
500.0,:655375336_29,4
500.0,:655375336_48,1
500.0,:656132476_1,1
500.0,:656132498_0,2
500.0,:cluster_2528018119_655375236_2,2
500.0,:cluster_2528018119_655375236_22,1
500.0,:cluster_3208478133_655375293_655375296_9631728504_#1more_1,4
500.0,:cluster_4374470814_4374470816_656132411_656132475_6,1
500.0,E0,20
520.0,-260882327,1
520.0,-51362430,16
520.0,-545977624#2,11
520.0,-593847703#3,7
520.0,-593847704#2,21
520.0,-594658757#2,13
520.0,-E0,5
520.0,1068234499#0,4
520.0,1068440001,6
520.0,1068440004#1,5
520.0,1068440006#0,9
520.0,1239087513,1
520.0,182334378#0,8
520.0,182334379#0,6
520.0,182336886,1
520.0,182336887#0,3
520.0,182336887#2,2
520.0,196961377#0,27
520.0,196961377#3,6
520.0,232003903#0,4
520.0,244450512#0,2
520.0,244450512#4,2
520.0,244450512#5,2
520.0,49695736#0,15
520.0,506322841#1,2
520.0,51289045#5,1
520.0,51362429#0,6
520.0,51362431,10
520.0,545977624#0,3
520.0,593842812#0,2
520.0,593842812#2,9
520.0,593844221#0,2
520.0,593847702#0,2
520.0,593847704#0,3
520.0,593849718#0,3
520.0,910567294,1
520.0,:11510670762_0,1
520.0,:2081945236_1,1
520.0,:3086736518_19,1
520.0,:3139322031_0,1
520.0,:3208478128_0,2
520.0,:622618108_0,1
520.0,:622618108_6,1
520.0,:655375233_5,2
520.0,:655375245_0,1
520.0,:655375336_1,1
520.0,:655375336_29,3
520.0,:cluster_3208478133_655375293_655375296_9631728504_#1more_1,2
520.0,E0,20
540.0,-51362430,16
540.0,-545977624#2,6
540.0,-593847703#3,3
540.0,-593847704#2,21
540.0,-594658757#2,14
540.0,-E0,5
540.0,1068440001,6
540.0,1068440004#1,5
540.0,1068440006#0,7
540.0,1239087513,1
540.0,1334904386#0,1
540.0,182334378#0,8
540.0,182334379#0,15
540.0,182336886,1
540.0,182336887#0,3
540.0,196961377#0,27
540.0,232003903#0,4
540.0,244450512#0,2
540.0,244450512#4,2
540.0,244450512#5,2
540.0,353392316#0,1
540.0,49073272#0,1
540.0,506322841#1,2
540.0,506322841#3,2
540.0,51362429#0,6
540.0,51362431,10
540.0,593842812#0,5
540.0,593842812#2,14
540.0,593844221#0,2
540.0,593847702#0,4
540.0,593847704#0,3
540.0,593849718#0,3
540.0,:11510670762_0,1
540.0,:1926948273_0,1
540.0,:3086736518_9,1
540.0,:3139322031_0,1
540.0,:3208478128_0,2
540.0,:622618108_0,1
540.0,:655375245_0,1
540.0,:655375336_1,1
540.0,:cluster_2528018119_655375236_16,3
540.0,:cluster_2528018119_655375236_23,1
540.0,:cluster_3208478133_655375293_655375296_9631728504_#1more_1,2
540.0,:cluster_4374470814_4374470816_656132411_656132475_6,1
540.0,E0,20
560.0,-51362430,12
560.0,-545977624#2,2
560.0,-593847703#3,4
560.0,-593847704#2,20
560.0,-593847705,1
560.0,-594658757#2,14
560.0,-E0,5
560.0,1068440001,5
560.0,1068440006#0,7
560.0,1334904386#0,1
560.0,182334378#0,8
560.0,182336887#0,3
560.0,196961377#0,20
560.0,196961377#3,6
560.0,198001764#0,1
560.0,232003903#0,4
560.0,244450512#0,2
560.0,244450512#4,2
560.0,244450512#5,2
560.0,303647015#0,1
560.0,30620492#1,1
560.0,353392316#0,1
560.0,506322841#1,2
560.0,506322841#3,2
560.0,51362429#0,6
560.0,51362431,10
560.0,593842812#0,9
560.0,593842812#2,15
560.0,593844221#0,3
560.0,593847702#0,4
560.0,:11510670762_0,1
560.0,:1926948273_0,1
560.0,:3086736518_7,1
560.0,:3139322031_0,1
560.0,:3208478128_0,2
560.0,:619136999_2,1
560.0,:622618108_0,1
560.0,:655375245_0,1
560.0,:cluster_3208478133_655375293_655375296_9631728504_#1more_1,2
560.0,:cluster_3208478133_655375293_655375296_9631728504_#1more_8,5
560.0,E0,20
580.0,-51362430,11
580.0,-545977624#2,2
580.0,-593847703#3,4
580.0,-593847704#2,18
580.0,-593847705,1
580.0,-594658757#2,14
580.0,-E0,5
580.0,1068440001,6
580.0,1068440006#0,7
580.0,1334904386#0,1
580.0,182334378#0,8
580.0,182336887#0,3
580.0,196961377#0,17
580.0,196961377#3,11
580.0,198001764#0,1
580.0,232003903#0,4
580.0,244450512#0,2
580.0,244450512#4,2
580.0,244450512#5,2
580.0,288135626#0,1
580.0,506322841#1,2
580.0,506322841#3,2
580.0,51362429#0,6
580.0,51362431,10
580.0,593842812#0,9
580.0,593842812#2,15
580.0,593844221#0,3
580.0,:11510670762_0,1
580.0,:1926948273_0,1
580.0,:2081945236_2,1
580.0,:3086736518_7,2
580.0,:3139322031_0,1
580.0,:3208478128_0,2
580.0,:622618108_0,1
580.0,:655375233_0,1
580.0,:655375245_0,1
580.0,:cluster_3208478133_655375293_655375296_9631728504_#1more_1,2
580.0,:cluster_3208478133_655375293_655375296_9631728504_#1more_8,5
580.0,E0,20
600.0,-51362430,11
600.0,-545977624#2,2
600.0,-593847703#3,4
600.0,-593847704#2,21
600.0,-593847705,1
600.0,-594658757#2,14
600.0,-E0,5
600.0,1068234499#0,1
600.0,1068440001,6
600.0,1068440006#0,7
600.0,1334904386#0,1
600.0,182334378#0,8
600.0,182336887#0,3
600.0,196961377#0,24
600.0,196961377#3,9
600.0,198001764#0,1
600.0,232003903#0,4
600.0,244450512#0,2
600.0,244450512#4,2
600.0,244450512#5,2
600.0,30620492#1,1
600.0,49073272#0,2
600.0,506322841#1,2
600.0,506322841#3,3
600.0,51362429#0,6
600.0,51362431,10
600.0,593842812#0,9
600.0,593842812#2,15
600.0,593844221#0,3
600.0,593849718#0,1
600.0,:11510670762_0,1
600.0,:1926948273_0,1
600.0,:3086736518_7,2
600.0,:3139322031_0,1
600.0,:3208478128_0,2
600.0,:622618108_0,1
600.0,:622618197_6,1
600.0,:655375233_0,1
600.0,:655375245_0,1
600.0,:cluster_3208478133_655375293_655375296_9631728504_#1more_1,2
600.0,:cluster_3208478133_655375293_655375296_9631728504_#1more_8,5
600.0,E0,20
620.0,-51362430,11
620.0,-545977624#2,2
620.0,-593847703#3,4
620.0,-593847704#2,21
620.0,-593847705,1
620.0,-594658757#2,14
620.0,-E0,5
620.0,1068440001,6
620.0,1068440004#1,1
620.0,1068440006#0,7
620.0,182334378#0,5
620.0,182336887#0,3
620.0,182336887#2,1
620.0,196961377#0,26
620.0,196961377#3,3
620.0,198001764#0,2
620.0,232003903#0,4
620.0,244450512#0,2
620.0,244450512#4,2
620.0,244450512#5,2
620.0,303647015#0,1
620.0,49073272#3,2
620.0,506322841#1,2
620.0,506322841#3,3
620.0,51362429#0,6
620.0,51362431,10
620.0,593842812#0,9
620.0,593842812#2,15
620.0,593844221#0,3
620.0,593849718#0,3
620.0,:11510670762_0,1
620.0,:3086736518_14,1
620.0,:3086736518_7,2
620.0,:3139322031_0,1
620.0,:3208478128_0,2
620.0,:622618108_0,1
620.0,:622618197_6,1
620.0,:655375233_0,1
620.0,:655375245_0,1
620.0,:655375336_40,1
620.0,:cluster_2528018119_655375236_23,1
620.0,:cluster_3208478133_655375293_655375296_9631728504_#1more_1,2
620.0,:cluster_3208478133_655375293_655375296_9631728504_#1more_11,3
620.0,:cluster_3208478133_655375293_655375296_9631728504_#1more_8,5
620.0,E0,20
640.0,-51362430,11
640.0,-545977624#2,2
640.0,-593847703#3,5
640.0,-593847704#2,21
640.0,-593847705,1
640.0,-594658757#2,14
640.0,-E0,9
640.0,1068440001,6
640.0,1068440004#1,2
640.0,1068440006#0,7
640.0,182336887#0,3
640.0,182336887#2,1
640.0,196961377#0,26
640.0,198001764#0,1
640.0,232003903#0,3
640.0,244450512#0,2
640.0,244450512#4,2
640.0,244450512#5,2
640.0,49073272#4,2
640.0,506322841#1,2
640.0,506322841#3,3
640.0,51362429#0,6
640.0,51362431,10
640.0,593842812#0,9
640.0,593842812#2,15
640.0,593844221#0,3
640.0,:11510670762_0,1
640.0,:2081945236_2,1
640.0,:3086736518_14,1
640.0,:3086736518_7,2
640.0,:3139322031_0,1
640.0,:3208478128_0,2
640.0,:619136999_2,1
640.0,:622618108_0,1
640.0,:655375233_0,1
640.0,:655375245_0,1
640.0,:655375336_40,1
640.0,:cluster_3208478133_655375293_655375296_9631728504_#1more_1,2
640.0,:cluster_3208478133_655375293_655375296_9631728504_#1more_11,3
640.0,:cluster_3208478133_655375293_655375296_9631728504_#1more_14,1
640.0,:cluster_3208478133_655375293_655375296_9631728504_#1more_8,5
640.0,E0,20
660.0,-51362430,11
660.0,-545977624#2,2
660.0,-593847703#3,5
660.0,-593847704#2,21
660.0,-594658757#2,16
660.0,-E0,9
660.0,1068440001,5
660.0,1068440004#1,2
660.0,1068440006#0,7
660.0,1239087513,1
660.0,1334904386#0,1
660.0,182334379#0,1
660.0,182336887#0,3
660.0,182336887#2,1
660.0,196961377#0,17
660.0,196961377#3,9
660.0,198001764#0,1
660.0,232003903#0,4
660.0,244450512#0,1
660.0,244450512#4,1
660.0,244450512#5,2
660.0,49073272#4,2
660.0,506322841#1,2
660.0,51362429#0,6
660.0,51362431,10
660.0,593842812#0,9
660.0,593842812#2,15
660.0,593844216#0,1
660.0,593844221#0,1
660.0,593847703#0,3
660.0,593847704#0,2
660.0,:11510670762_0,1
660.0,:2081945236_2,1
660.0,:3208478128_0,2
660.0,:619136999_2,1
660.0,:622618108_0,1
660.0,:655375245_1,1
660.0,:cluster_2528018119_655375236_16,3
660.0,:cluster_3208478133_655375293_655375296_9631728504_#1more_11,2
660.0,:cluster_3208478133_655375293_655375296_9631728504_#1more_14,1
660.0,:cluster_3208478133_655375293_655375296_9631728504_#1more_8,2
660.0,E0,20
680.0,-51362430,11
680.0,-545977624#2,2
680.0,-593847703#3,4
680.0,-593847704#2,21
680.0,-594658757#2,16
680.0,-E0,9
680.0,1068440001,5
680.0,1068440004#1,3
680.0,1068440006#0,7
680.0,1239087513,1
680.0,1334904386#0,2
680.0,182334379#0,1
680.0,182336887#0,3
680.0,182336887#2,1
680.0,196961377#0,20
680.0,196961377#3,11
680.0,198001764#0,1
680.0,232003903#0,4
680.0,244450512#0,2
680.0,244450512#4,1
680.0,244450512#5,2
680.0,303647015#0,1
680.0,49073272#4,2
680.0,49695736#0,3
680.0,506322841#1,2
680.0,51289045#5,1
680.0,51362429#0,6
680.0,51362431,10
680.0,545977624#0,2
680.0,593842812#0,5
680.0,593842812#2,7
680.0,593844216#0,1
680.0,:11510670762_0,1
680.0,:3208478128_0,2
680.0,:622618108_0,1
680.0,:655375233_4,1
680.0,:655375245_1,1
680.0,:655375336_29,4
680.0,:655375336_48,1
680.0,:cluster_2528018119_655375236_2,1
680.0,:cluster_2528018119_655375236_22,1
680.0,:cluster_3208478133_655375293_655375296_9631728504_#1more_1,4
680.0,E0,20
700.0,-51362430,11
700.0,-593847704#2,21
700.0,-594658757#2,16
700.0,-E0,9
700.0,1068440001,5
700.0,1068440004#1,1
700.0,1068440006#0,6
700.0,1239087513,1
700.0,1334904386#0,1
700.0,182334379#0,3
700.0,182336887#0,3
700.0,182336887#2,1
700.0,196961377#0,25
700.0,196961377#3,6
700.0,198001764#0,2
700.0,232003903#0,4
700.0,244450512#0,2
700.0,244450512#4,1
700.0,244450512#5,2
700.0,303647015#0,2
700.0,353392316#0,2
700.0,49695736#0,7
700.0,506322841#1,2
700.0,51362429#0,6
700.0,51362431,10
700.0,545977624#0,1
700.0,593842812#2,7
700.0,593844221#0,2
700.0,593847702#0,1
700.0,593847704#0,2
700.0,593849718#0,3
700.0,:11510670762_0,1
700.0,:3208478128_0,2
700.0,:619136999_2,1
700.0,:622618108_0,1
700.0,:622618197_0,1
700.0,:655375233_9,2
700.0,:655375245_1,1
700.0,:655375336_1,1
700.0,:655375336_29,3
700.0,:cluster_2528018119_655375236_16,6
700.0,:cluster_3208478133_655375293_655375296_9631728504_#1more_1,1
700.0,E0,19
720.0,-51362430,11
720.0,-593847704#2,17
720.0,-594658757#2,16
720.0,-E0,9
720.0,1068440001,5
720.0,1068440006#0,2
720.0,1239087513,1
720.0,1334904386#0,6
720.0,182334379#0,10
720.0,182336887#0,3
720.0,182336887#2,1
720.0,196961377#0,19
720.0,196961377#3,7
720.0,198001764#0,1
720.0,232003903#0,4
720.0,244450512#0,2
720.0,244450512#4,1
720.0,244450512#5,2
720.0,30620492#1,1
720.0,353392316#0,1
720.0,506322841#1,2
720.0,51362429#0,6
720.0,51362431,10
720.0,593842812#2,7
720.0,593844221#0,2
720.0,593847702#3,1
720.0,593847703#0,2
720.0,593849718#0,3
720.0,:11510670762_0,1
720.0,:2081945236_0,1
720.0,:3086736518_7,1
720.0,:3139322031_0,1
720.0,:3208478128_0,2
720.0,:619136999_2,1
720.0,:622618108_0,1
720.0,:655375233_0,1
720.0,:655375245_1,1
720.0,:655375336_29,1
720.0,:cluster_2528018119_655375236_2,1
720.0,:cluster_3208478133_655375293_655375296_9631728504_#1more_1,1
720.0,:cluster_5372642442_631668976_631668981_631669076_10,1
720.0,E0,19
740.0,-51362430,8
740.0,-593847704#2,8
740.0,-594658757#2,16
740.0,-E0,9
740.0,1068440001,3
740.0,1068440006#0,2
740.0,1334904386#0,6
740.0,182334379#0,1
740.0,182336887#0,3
740.0,182336887#2,1
740.0,196961377#0,15
740.0,196961377#3,6
740.0,198001764#0,1
740.0,232003903#0,4
740.0,244450512#0,2
740.0,244450512#4,1
740.0,244450512#5,2
740.0,30620492#1,1
740.0,49695736#0,1
740.0,506322841#1,2
740.0,51362429#0,6
740.0,51362431,10
740.0,593842812#2,7
740.0,593844221#0,3
740.0,593847702#3,1
740.0,593847703#0,12
740.0,593849715,1
740.0,593849718#0,3
740.0,:11510670762_0,1
740.0,:3086736518_7,1
740.0,:3208478128_0,2
740.0,:619136999_2,1
740.0,:622618197_0,1
740.0,:655375233_0,1
740.0,:655375245_1,1
740.0,:cluster_3208478133_655375293_655375296_9631728504_#1more_1,1
740.0,:cluster_3208478133_655375293_655375296_9631728504_#1more_8,5
740.0,E0,19
760.0,-51362430,5
760.0,-593847704#2,10
760.0,-594658757#2,16
760.0,-E0,9
760.0,1068440001,6
760.0,1068440006#0,2
760.0,1334904386#0,6
760.0,182334379#0,1
760.0,182336887#0,3
760.0,182336887#2,1
760.0,196961377#0,19
760.0,196961377#3,10
760.0,198001764#0,1
760.0,232003903#0,4
760.0,244450512#0,2
760.0,244450512#4,1
760.0,244450512#5,2
760.0,49073272#0,1
760.0,49073272#3,1
760.0,506322841#1,2
760.0,51362429#0,5
760.0,51362431,10
760.0,593842812#2,7
760.0,593844221#0,3
760.0,593847701,1
760.0,593847703#0,16
760.0,:11510670762_0,1
760.0,:2081945236_2,1
760.0,:3139322031_0,1
760.0,:3208478128_0,2
760.0,:655375245_1,1
760.0,:cluster_2528018119_655375236_2,1
760.0,:cluster_3208478133_655375293_655375296_9631728504_#1more_1,1
760.0,:cluster_3208478133_655375293_655375296_9631728504_#1more_8,5
760.0,E0,19
780.0,-51362430,5
780.0,-593847704#2,17
780.0,-594658757#2,16
780.0,1068440001,6
780.0,1068440006#0,2
780.0,182334379#0,6
780.0,182336887#2,2
780.0,196961377#0,25
780.0,196961377#3,10
780.0,232003903#0,4
780.0,244450512#0,2
780.0,244450512#4,1
780.0,244450512#5,2
780.0,303647015#0,4
780.0,49073272#4,2
780.0,51362429#0,5
780.0,51362431,10
780.0,593842812#2,7
780.0,593844221#0,3
780.0,593847703#0,8
780.0,593847704#0,7
780.0,593849715,1
780.0,:11510670762_0,1
780.0,:3086736518_14,1
780.0,:3208478128_0,2
780.0,:619136999_2,1
780.0,:655375245_1,1
780.0,:cluster_2528018119_655375236_2,3
780.0,:cluster_3208478133_655375293_655375296_9631728504_#1more_1,1
780.0,:cluster_3208478133_655375293_655375296_9631728504_#1more_8,5
780.0,:cluster_655375246_655375489_3,2
780.0,E0,20
800.0,-51362430,5
800.0,-593847704#2,18
800.0,-594658757#2,16
800.0,1068440001,6
800.0,1068440006#0,3
800.0,1239087514,1
800.0,182334379#0,10
800.0,196961377#0,26
800.0,196961377#3,10
800.0,232003903#0,3
800.0,244450512#0,2
800.0,244450512#4,1
800.0,244450512#5,2
800.0,288135628#0,1
800.0,49073272#4,3
800.0,51362429#0,4
800.0,51362431,10
800.0,593842812#2,7
800.0,593844221#0,3
800.0,593847703#0,2
800.0,593847704#0,3
800.0,593849718#0,1
800.0,:11510670762_0,1
800.0,:3208478128_0,2
800.0,:622618108_6,1
800.0,:655375245_1,1
800.0,:cluster_2528018119_655375236_2,2
800.0,:cluster_3208478133_655375293_655375296_9631728504_#1more_1,1
800.0,:cluster_3208478133_655375293_655375296_9631728504_#1more_14,1
800.0,:cluster_3208478133_655375293_655375296_9631728504_#1more_8,5
800.0,E0,20
820.0,-51362430,5
820.0,-593847704#2,18
820.0,-594658757#2,17
820.0,1068440001,6
820.0,1068440006#0,3
820.0,182334379#0,4
820.0,196961377#0,24
820.0,196961377#3,4
820.0,232003903#0,3
820.0,244450512#0,2
820.0,244450512#4,1
820.0,244450512#5,2
820.0,288135628#0,4
820.0,484988951#0,1
820.0,49073272#4,3
820.0,49695736#0,2
820.0,51362429#0,4
820.0,51362431,10
820.0,593842812#2,7
820.0,593844221#0,1
820.0,593849718#0,3
820.0,:11510670762_0,1
820.0,:3208478128_0,2
820.0,:619136999_2,1
820.0,:655375245_1,1
820.0,:655375336_48,1
820.0,:cluster_3208478133_655375293_655375296_9631728504_#1more_11,2
820.0,:cluster_3208478133_655375293_655375296_9631728504_#1more_14,1
820.0,:cluster_3208478133_655375293_655375296_9631728504_#1more_8,4
820.0,:cluster_5372642442_631668976_631668981_631669076_1,6
820.0,E0,20
840.0,-51362430,5
840.0,-593847704#2,18
840.0,-594658757#2,19
840.0,1068440001,5
840.0,1068440006#0,3
840.0,1239087513,1
840.0,1334904386#0,2
840.0,182334379#0,1
840.0,196961377#0,15
840.0,196961377#3,7
840.0,232003903#0,4
840.0,244450512#0,2
840.0,244450512#4,1
840.0,244450512#5,2
840.0,353392316#0,3
840.0,49073226#2,1
840.0,51362429#0,4
840.0,51362431,10
840.0,545977624#0,1
840.0,593842812#2,5
840.0,593844221#0,1
840.0,593849718#0,3
840.0,:11510670762_0,1
840.0,:3208478128_0,2
840.0,:3208478132_0,1
840.0,:655375245_1,1
840.0,:cluster_3208478133_655375293_655375296_9631728504_#1more_1,2
840.0,:cluster_4374470814_4374470816_656132411_656132475_4,1
840.0,E0,20
860.0,-51362430,5
860.0,-593847704#2,11
860.0,-594658757#2,19
860.0,1068440001,5
860.0,1068440006#0,3
860.0,1239087513,1
860.0,196961377#0,7
860.0,196961377#3,9
860.0,232003903#0,4
860.0,244450512#0,2
860.0,244450512#4,1
860.0,244450512#5,2
860.0,288135628#0,1
860.0,288878926#0,1
860.0,303647015#0,2
860.0,353392316#0,1
860.0,49695736#0,6
860.0,51362429#0,4
860.0,51362431,10
860.0,593847703#0,5
860.0,593849718#0,1
860.0,:11510670762_0,1
860.0,:3086736518_7,1
860.0,:3208478128_0,2
860.0,:619136999_2,1
860.0,:655375233_0,1
860.0,:655375245_1,1
860.0,:655375336_29,1
860.0,:cluster_5372642442_631668976_631668981_631669076_25,1
860.0,:cluster_655375246_655375489_3,1
860.0,E0,20
880.0,-51362430,5
880.0,-593847704#2,1
880.0,-594658757#2,22
880.0,1068440001,5
880.0,1239087513,1
880.0,182334379#0,7
880.0,196961377#0,6
880.0,196961377#3,11
880.0,232003903#0,4
880.0,244450512#0,2
880.0,51362429#0,4
880.0,51362431,10
880.0,593847703#0,15
880.0,:11510670762_0,1
880.0,:3086736518_7,1
880.0,:655375233_0,1
880.0,:655375245_1,1
880.0,E0,20
900.0,-51362430,1
900.0,-593847704#2,1
900.0,-594658757#2,22
900.0,1068440001,4
900.0,1334904386#0,2
900.0,182334379#0,5
900.0,196961377#0,6
900.0,196961377#3,11
900.0,232003903#0,4
900.0,244450512#0,2
900.0,51362429#0,4
900.0,51362431,10
900.0,593844221#0,1
900.0,593847703#0,9
900.0,:655375245_1,1
900.0,:cluster_2528018119_655375236_2,3
900.0,:cluster_3208478133_655375293_655375296_9631728504_#1more_8,4
900.0,E0,20
920.0,-593847704#2,1
920.0,-594658757#2,23
920.0,1334904386#0,5
920.0,182334379#0,8
920.0,196961377#0,6
920.0,196961377#3,6
920.0,232003903#0,4
920.0,244450512#0,2
920.0,288135628#0,1
920.0,51362429#0,4
920.0,51362431,10
920.0,593844221#0,1
920.0,593847703#0,2
920.0,593849718#0,3
920.0,:11510670762_0,1
920.0,:622618197_0,1
920.0,:655375245_1,1
920.0,:cluster_2528018119_655375236_2,3
920.0,:cluster_3208478133_655375293_655375296_9631728504_#1more_8,4
920.0,E0,20
940.0,-593847704#2,1
940.0,-594658757#2,25
940.0,182334379#0,6
940.0,196961377#0,1
940.0,196961377#3,4
940.0,232003903#0,4
940.0,244450512#0,2
940.0,303647015#0,5
940.0,51362429#0,4
940.0,51362431,10
940.0,593844221#0,1
940.0,593849718#0,3
940.0,:619136999_2,1
940.0,:655375245_1,1
940.0,:cluster_3208478133_655375293_655375296_9631728504_#1more_8,3
940.0,:cluster_5372642442_631668976_631668981_631669076_1,7
940.0,E0,20
960.0,-594658757#2,25
960.0,196961377#3,5
960.0,232003903#0,4
960.0,244450512#0,2
960.0,288135628#0,1
960.0,51362429#0,4
960.0,51362431,9
960.0,593844216#0,1
960.0,593844221#0,1
960.0,594658757#0,1
960.0,:3086736518_7,1
960.0,:655375245_1,1
960.0,:cluster_3208478133_655375293_655375296_9631728504_#1more_14,2
960.0,:cluster_3208478133_655375293_655375296_9631728504_#1more_8,3
960.0,E0,20
980.0,-594658757#2,24
980.0,196961377#3,5
980.0,232003903#0,4
980.0,244450512#0,2
980.0,244450512#5,1
980.0,303647015#0,1
980.0,51362429#0,4
980.0,51362431,10
980.0,593844221#0,1
980.0,593847703#0,1
980.0,:655375245_0,1
980.0,:cluster_3208478133_655375293_655375296_9631728504_#1more_14,2
980.0,:cluster_3208478133_655375293_655375296_9631728504_#1more_15,1
980.0,:cluster_3208478133_655375293_655375296_9631728504_#1more_8,3
980.0,E0,20
1000.0,-594658757#2,24
1000.0,196961377#3,3
1000.0,232003903#0,4
1000.0,244450512#0,2
1000.0,244450512#5,1
1000.0,51362429#0,4
1000.0,51362431,10
1000.0,593844221#0,1
1000.0,593847703#0,1
1000.0,593849718#0,1
1000.0,:622618197_6,1
1000.0,:655375245_0,1
1000.0,:cluster_3208478133_655375293_655375296_9631728504_#1more_14,2
1000.0,:cluster_3208478133_655375293_655375296_9631728504_#1more_15,1
1000.0,:cluster_3208478133_655375293_655375296_9631728504_#1more_8,3
1000.0,E0,20
1020.0,-594658757#2,24
1020.0,182334379#0,1
1020.0,232003903#0,4
1020.0,244450512#0,2
1020.0,244450512#5,1
1020.0,303647015#0,1
1020.0,51362429#0,4
1020.0,51362431,10
1020.0,593844221#0,1
1020.0,:655375245_0,1
1020.0,:cluster_3208478133_655375293_655375296_9631728504_#1more_14,2
1020.0,:cluster_3208478133_655375293_655375296_9631728504_#1more_15,1
1020.0,:cluster_3208478133_655375293_655375296_9631728504_#1more_8,3
1020.0,E0,19
1040.0,-594658757#2,24
1040.0,232003903#0,4
1040.0,244450512#0,2
1040.0,244450512#5,1
1040.0,51362429#0,4
1040.0,51362431,10
1040.0,593844221#0,1
1040.0,:655375245_0,1
1040.0,:cluster_3208478133_655375293_655375296_9631728504_#1more_14,2
1040.0,:cluster_3208478133_655375293_655375296_9631728504_#1more_15,1
1040.0,:cluster_3208478133_655375293_655375296_9631728504_#1more_8,3
1040.0,E0,19
1060.0,-594658757#2,24
1060.0,232003903#0,4
1060.0,244450512#0,2
1060.0,244450512#5,1
1060.0,51362429#0,4
1060.0,51362431,10
1060.0,593844221#0,1
1060.0,:655375245_0,1
1060.0,:cluster_3208478133_655375293_655375296_9631728504_#1more_14,2
1060.0,:cluster_3208478133_655375293_655375296_9631728504_#1more_15,1
1060.0,:cluster_3208478133_655375293_655375296_9631728504_#1more_8,3
1060.0,E0,19
1080.0,-594658757#2,24
1080.0,232003903#0,4
1080.0,244450512#0,2
1080.0,244450512#5,1
1080.0,51362429#0,3
1080.0,51362431,10
1080.0,593844221#0,1
1080.0,:655375245_0,1
1080.0,:cluster_3208478133_655375293_655375296_9631728504_#1more_14,2
1080.0,:cluster_3208478133_655375293_655375296_9631728504_#1more_15,1
1080.0,:cluster_3208478133_655375293_655375296_9631728504_#1more_8,3
1080.0,E0,20
1100.0,-594658757#2,24
1100.0,232003903#0,4
1100.0,244450512#0,2
1100.0,244450512#5,1
1100.0,51362429#0,3
1100.0,51362431,10
1100.0,593844221#0,1
1100.0,:655375245_0,1
1100.0,:cluster_3208478133_655375293_655375296_9631728504_#1more_14,2
1100.0,:cluster_3208478133_655375293_655375296_9631728504_#1more_15,1
1100.0,:cluster_3208478133_655375293_655375296_9631728504_#1more_8,3
1100.0,E0,20
1120.0,-594658757#2,24
1120.0,232003903#0,4
1120.0,244450512#0,2
1120.0,244450512#5,1
1120.0,51362429#0,3
1120.0,51362431,10
1120.0,593844221#0,1
1120.0,:655375245_0,1
1120.0,:cluster_3208478133_655375293_655375296_9631728504_#1more_14,2
1120.0,:cluster_3208478133_655375293_655375296_9631728504_#1more_15,1
1120.0,:cluster_3208478133_655375293_655375296_9631728504_#1more_8,3
1120.0,E0,20
1140.0,-594658757#2,24
1140.0,232003903#0,4
1140.0,244450512#0,2
1140.0,244450512#5,1
1140.0,51362429#0,3
1140.0,51362431,10
1140.0,593844221#0,1
1140.0,:655375245_0,1
1140.0,:cluster_3208478133_655375293_655375296_9631728504_#1more_14,2
1140.0,:cluster_3208478133_655375293_655375296_9631728504_#1more_15,1
1140.0,:cluster_3208478133_655375293_655375296_9631728504_#1more_8,3
1140.0,E0,20
1160.0,-594658757#2,24
1160.0,232003903#0,4
1160.0,244450512#0,2
1160.0,244450512#5,1
1160.0,51362429#0,3
1160.0,51362431,10
1160.0,593844221#0,1
1160.0,:655375245_0,1
1160.0,:cluster_3208478133_655375293_655375296_9631728504_#1more_14,2
1160.0,:cluster_3208478133_655375293_655375296_9631728504_#1more_15,1
1160.0,:cluster_3208478133_655375293_655375296_9631728504_#1more_8,3
1160.0,E0,20
1180.0,-594658757#2,24
1180.0,232003903#0,4
1180.0,244450512#0,2
1180.0,244450512#5,1
1180.0,51362429#0,3
1180.0,51362431,10
1180.0,593844221#0,1
1180.0,:655375245_0,1
1180.0,:cluster_3208478133_655375293_655375296_9631728504_#1more_14,2
1180.0,:cluster_3208478133_655375293_655375296_9631728504_#1more_15,1
1180.0,:cluster_3208478133_655375293_655375296_9631728504_#1more_8,3
1180.0,E0,20
1200.0,-594658757#2,24
1200.0,232003903#0,4
1200.0,244450512#0,2
1200.0,244450512#5,1
1200.0,51362429#0,3
1200.0,51362431,10
1200.0,593844221#0,1
1200.0,:655375245_0,1
1200.0,:cluster_3208478133_655375293_655375296_9631728504_#1more_14,2
1200.0,:cluster_3208478133_655375293_655375296_9631728504_#1more_15,1
1200.0,:cluster_3208478133_655375293_655375296_9631728504_#1more_8,3
1200.0,E0,20
1220.0,-594658757#2,24
1220.0,232003903#0,4
1220.0,244450512#0,2
1220.0,244450512#5,1
1220.0,51362429#0,3
1220.0,51362431,10
1220.0,593844221#0,1
1220.0,:655375245_0,1
1220.0,:cluster_3208478133_655375293_655375296_9631728504_#1more_14,2
1220.0,:cluster_3208478133_655375293_655375296_9631728504_#1more_15,1
1220.0,:cluster_3208478133_655375293_655375296_9631728504_#1more_8,3
1220.0,E0,20
1240.0,-594658757#2,24
1240.0,232003903#0,3
1240.0,244450512#0,2
1240.0,244450512#5,1
1240.0,51362429#0,3
1240.0,51362431,10
1240.0,593844221#0,1
1240.0,:655375245_0,1
1240.0,:cluster_3208478133_655375293_655375296_9631728504_#1more_14,3
1240.0,:cluster_3208478133_655375293_655375296_9631728504_#1more_8,2
1240.0,E0,20
1260.0,-260882327,1
1260.0,-594658757#2,25
1260.0,1334904386#0,1
1260.0,232003903#0,3
1260.0,244450512#0,2
1260.0,244450512#5,1
1260.0,51289045#3,2
1260.0,51289045#5,1
1260.0,51362429#0,3
1260.0,51362431,9
1260.0,593844216#0,1
1260.0,594658757#0,1
1260.0,:6251747844_1,1
1260.0,:655375245_0,1
1260.0,:655375336_26,1
1260.0,E0,20
1280.0,-594658757#2,24
1280.0,1334904386#0,2
1280.0,232003903#0,3
1280.0,244450512#0,2
1280.0,303647015#0,1
1280.0,51362429#0,3
1280.0,51362431,10
1280.0,545977624#0,1
1280.0,:655375245_0,1
1280.0,E0,20
1300.0,-594658757#2,24
1300.0,1334904386#0,2
1300.0,232003903#0,3
1300.0,244450512#0,2
1300.0,51362429#0,3
1300.0,51362431,10
1300.0,:655375245_0,1
1300.0,E0,20
1320.0,-594658757#2,24
1320.0,1334904386#0,2
1320.0,232003903#0,3
1320.0,244450512#0,2
1320.0,51362429#0,3
1320.0,51362431,10
1320.0,:655375245_0,1
1320.0,:cluster_3208478133_655375293_655375296_9631728504_#1more_11,2
1320.0,:cluster_3208478133_655375293_655375296_9631728504_#1more_14,2
1320.0,E0,19
1340.0,-594658757#2,24
1340.0,232003903#0,4
1340.0,244450512#0,2
1340.0,303647015#0,2
1340.0,51289045#5,1
1340.0,51362429#0,3
1340.0,51362431,10
1340.0,593844216#0,3
1340.0,:6251747844_1,1
1340.0,:655375245_0,1
1340.0,:656132499_1,1
1340.0,E0,19
1360.0,-594658757#2,24
1360.0,232003903#0,4
1360.0,244450512#0,2
1360.0,51362429#0,3
1360.0,51362431,10
1360.0,593844216#0,1
1360.0,:655375245_0,1
1360.0,E0,19
1380.0,-594658757#2,24
1380.0,232003903#0,4
1380.0,244450512#0,2
1380.0,51362429#0,2
1380.0,51362431,10
1380.0,545977624#0,1
1380.0,:655375245_0,1
1380.0,E0,20
1400.0,-594658757#2,24
1400.0,1068440006#0,1
1400.0,232003903#0,4
1400.0,244450512#0,2
1400.0,51289045#1,1
1400.0,51289045#3,2
1400.0,51362429#0,1
1400.0,51362431,10
1400.0,593844216#0,4
1400.0,:655375245_0,1
1400.0,E0,20
1420.0,-594658757#2,24
1420.0,1068440006#0,1
1420.0,232003903#0,4
1420.0,244450512#0,2
1420.0,303647015#0,1
1420.0,51362429#0,1
1420.0,51362431,10
1420.0,545977624#0,1
1420.0,593844216#0,1
1420.0,:655375245_0,1
1420.0,:cluster_4374470814_4374470816_656132411_656132475_4,2
1420.0,E0,20
1440.0,-594658757#2,24
1440.0,1068440006#0,1
1440.0,232003903#0,4
1440.0,244450512#0,2
1440.0,51362429#0,1
1440.0,51362431,10
1440.0,:655375245_0,1
1440.0,E0,20
1460.0,-594658757#2,24
1460.0,1068440006#0,1
1460.0,232003903#0,3
1460.0,244450512#0,2
1460.0,51362429#0,1
1460.0,51362431,10
1460.0,:655375245_0,1
1460.0,:cluster_3208478133_655375293_655375296_9631728504_#1more_14,2
1460.0,E0,20
1480.0,-594658757#2,24
1480.0,1068440006#0,1
1480.0,232003903#0,2
1480.0,244450512#0,2
1480.0,51289045#3,1
1480.0,51289045#5,1
1480.0,51362429#0,1
1480.0,51362431,10
1480.0,593844216#0,2
1480.0,:2664674480_0,1
1480.0,:6251747844_1,1
1480.0,:655375245_0,1
1480.0,E0,20
1500.0,-594658757#2,24
1500.0,1068440006#0,1
1500.0,232003903#0,2
1500.0,244450512#0,2
1500.0,303647015#0,1
1500.0,51362429#0,1
1500.0,51362431,10
1500.0,545977624#0,2
1500.0,:655375245_0,1
1500.0,E0,20
1520.0,-594658757#2,24
1520.0,1068440006#0,1
1520.0,232003903#0,2
1520.0,244450512#0,2
1520.0,51362429#0,1
1520.0,51362431,10
1520.0,:655375245_0,1
1520.0,E0,20
1540.0,-594658757#2,24
1540.0,1068440006#0,1
1540.0,232003903#0,2
1540.0,244450512#0,2
1540.0,51289045#1,1
1540.0,51289045#3,1
1540.0,51362429#0,1
1540.0,51362431,10
1540.0,593844216#0,2
1540.0,:655375245_0,1
1540.0,:cluster_3208478133_655375293_655375296_9631728504_#1more_11,1
1540.0,:cluster_3208478133_655375293_655375296_9631728504_#1more_14,1
1540.0,E0,20
1560.0,-594658757#2,24
1560.0,1068440006#0,1
1560.0,232003903#0,2
1560.0,244450512#0,2
1560.0,51362429#0,1
1560.0,51362431,9
1560.0,545977624#0,1
1560.0,594658760#0,1
1560.0,:655375245_0,1
1560.0,E0,20
1580.0,-594658757#2,23
1580.0,1068440006#0,1
1580.0,232003903#0,2
1580.0,244450512#0,2
1580.0,303647015#0,1
1580.0,51362429#0,1
1580.0,51362431,10
1580.0,:655375245_1,1
1580.0,E0,20
1600.0,-594658757#2,23
1600.0,1068440006#0,1
1600.0,232003903#0,2
1600.0,244450512#0,2
1600.0,51362429#0,1
1600.0,51362431,10
1600.0,:655375245_1,1
1600.0,:cluster_3208478133_655375293_655375296_9631728504_#1more_11,1
1600.0,:cluster_3208478133_655375293_655375296_9631728504_#1more_14,1
1600.0,E0,20
1620.0,-594658757#2,23
1620.0,1068440006#0,1
1620.0,1334904386#0,1
1620.0,232003903#0,1
1620.0,244450512#0,2
1620.0,51289045#5,2
1620.0,51362429#0,1
1620.0,51362431,10
1620.0,593844216#0,2
1620.0,:655375245_1,1
1620.0,:cluster_4374470814_4374470816_656132411_656132475_4,1
1620.0,E0,19
1640.0,-594658757#2,24
1640.0,232003903#0,1
1640.0,244450512#0,2
1640.0,303647015#0,1
1640.0,51362429#0,1
1640.0,51362431,10
1640.0,593844216#0,1
1640.0,:655375245_1,1
1640.0,E0,19
1660.0,-594658757#2,24
1660.0,232003903#0,1
1660.0,244450512#0,2
1660.0,51362429#0,1
1660.0,51362431,10
1660.0,:655375245_1,1
1660.0,E0,19
1680.0,-594658757#2,24
1680.0,244450512#0,2
1680.0,51289045#3,1
1680.0,51362429#0,1
1680.0,51362431,10
1680.0,:655375245_1,1
1680.0,E0,19
1700.0,-594658757#2,24
1700.0,244450512#0,2
1700.0,51362431,10
1700.0,:655375245_1,1
1700.0,E0,20
1720.0,-594658757#2,24
1720.0,244450512#0,2
1720.0,51362431,10
1720.0,:655375245_1,1
1720.0,E0,20
1740.0,-594658757#2,24
1740.0,244450512#0,2
1740.0,51362431,10
1740.0,:655375245_1,1
1740.0,E0,20
1760.0,-594658757#2,24
1760.0,244450512#0,2
1760.0,51362431,10
1760.0,:655375245_1,1
1760.0,E0,20
1780.0,-594658757#2,24
1780.0,244450512#0,2
1780.0,51362431,10
1780.0,:655375245_1,1
1780.0,E0,20
1800.0,-594658757#2,24
1800.0,244450512#0,2
1800.0,51362431,10
1800.0,:655375245_1,1
1800.0,E0,20
1820.0,-594658757#2,24
1820.0,244450512#0,2
1820.0,51362431,10
1820.0,:655375245_1,1
1820.0,E0,20
1840.0,-594658757#2,24
1840.0,244450512#0,2
1840.0,51362431,10
1840.0,:655375245_1,1
1840.0,E0,20
1860.0,-594658757#2,24
1860.0,244450512#0,2
1860.0,51362431,10
1860.0,:655375245_1,1
1860.0,E0,20
1880.0,-594658757#2,24
1880.0,244450512#0,1
1880.0,244450512#4,1
1880.0,51362431,10
1880.0,:655375245_1,1
1880.0,E0,20
1900.0,-594658757#2,23
1900.0,244450512#0,2
1900.0,244450512#5,1
1900.0,303647015#0,1
1900.0,51362431,10
1900.0,:655375245_1,1
1900.0,E0,20
1920.0,-594658757#2,24
1920.0,244450512#0,2
1920.0,51362431,10
1920.0,:655375245_1,1
1920.0,E0,19
1940.0,-594658757#2,24
1940.0,244450512#0,2
1940.0,51362431,10
1940.0,:655375245_1,1
1940.0,E0,19
1960.0,-594658757#2,24
1960.0,244450512#0,2
1960.0,51362431,10
1960.0,:655375245_1,1
1960.0,E0,19
1980.0,-594658757#2,24
1980.0,244450512#0,2
1980.0,51362431,10
1980.0,:655375245_1,1
1980.0,E0,19
2000.0,-594658757#2,24
2000.0,244450512#0,2
2000.0,51362431,10
2000.0,:655375245_1,1
2000.0,E0,19
2020.0,-594658757#2,24
2020.0,244450512#0,2
2020.0,51362431,10
2020.0,:655375245_1,1
2020.0,E0,19
2040.0,-594658757#2,24
2040.0,244450512#0,2
2040.0,51362431,10
2040.0,:655375245_1,1
2040.0,E0,19
2060.0,-594658757#2,24
2060.0,244450512#0,2
2060.0,51362431,10
2060.0,:655375245_1,1
2060.0,E0,19
2080.0,-594658757#2,24
2080.0,244450512#0,2
2080.0,51362431,10
2080.0,:655375245_1,1
2080.0,E0,19
2100.0,-594658757#2,24
2100.0,244450512#0,2
2100.0,51362431,10
2100.0,:655375245_1,1
2100.0,E0,19
2120.0,-594658757#2,24
2120.0,244450512#0,2
2120.0,51362431,10
2120.0,:655375245_1,1
2120.0,E0,19
2140.0,-594658757#2,24
2140.0,244450512#0,2
2140.0,51362431,10
2140.0,:655375245_1,1
2140.0,E0,19
2160.0,-594658757#2,24
2160.0,244450512#0,2
2160.0,51362431,10
2160.0,:655375245_1,1
2160.0,E0,19
2180.0,-594658757#2,24
2180.0,244450512#0,2
2180.0,51362431,9
2180.0,594658760#0,1
2180.0,:655375245_1,1
2180.0,E0,19
2200.0,-594658757#2,23
2200.0,244450512#1,1
2200.0,244450512#4,2
2200.0,303647015#0,1
2200.0,51362431,9
2200.0,E0,19
2220.0,-594658757#2,23
2220.0,244450512#4,1
2220.0,244450512#5,1
2220.0,51362431,9
2220.0,E0,19
2240.0,-594658757#2,24
2240.0,244450512#5,2
2240.0,51362431,9
2240.0,E0,18
2260.0,-594658757#2,24
2260.0,244450512#5,2
2260.0,51362431,9
2260.0,E0,18
2280.0,-594658757#2,24
2280.0,51362431,9
2280.0,E0,18
2300.0,-594658757#2,24
2300.0,51362431,9
2300.0,E0,18
2320.0,-594658757#2,24
2320.0,51362431,9
2320.0,E0,18
2340.0,-594658757#2,24
2340.0,51362431,9
2340.0,E0,18
2360.0,-594658757#2,24
2360.0,51362431,9
2360.0,E0,18
2380.0,-594658757#2,24
2380.0,51362431,9
2380.0,E0,18
2400.0,-594658757#2,24
2400.0,51362431,9
2400.0,E0,18
2420.0,-594658757#2,24
2420.0,51362431,9
2420.0,E0,18
2440.0,-594658757#2,24
2440.0,51362431,9
2440.0,E0,18
2460.0,-594658757#2,24
2460.0,51362431,9
2460.0,E0,18
2480.0,-594658757#2,24
2480.0,51362431,8
2480.0,594658757#0,1
2480.0,E0,18
2500.0,-594658757#2,23
2500.0,303647015#0,1
2500.0,51362431,8
2500.0,E0,18
2520.0,-594658757#2,23
2520.0,51362431,8
2520.0,E0,18
2540.0,-594658757#2,24
2540.0,51362431,8
2540.0,E0,17
2560.0,-594658757#2,24
2560.0,51362431,8
2560.0,E0,17
2580.0,-594658757#2,24
2580.0,51362431,8
2580.0,E0,17
2600.0,-594658757#2,24
2600.0,51362431,8
2600.0,E0,17
2620.0,-594658757#2,24
2620.0,51362431,8
2620.0,E0,17
2640.0,-594658757#2,24
2640.0,51362431,8
2640.0,E0,17
2660.0,-594658757#2,24
2660.0,51362431,8
2660.0,E0,17
2680.0,-594658757#2,24
2680.0,51362431,8
2680.0,E0,17
2700.0,-594658757#2,24
2700.0,51362431,8
2700.0,E0,17
2720.0,-594658757#2,24
2720.0,51362431,8
2720.0,E0,17
2740.0,-594658757#2,24
2740.0,51362431,8
2740.0,E0,17
2760.0,-594658757#2,24
2760.0,51362431,8
2760.0,E0,17
2780.0,-594658757#2,24
2780.0,51362431,7
2780.0,594658760#0,1
2780.0,E0,17
2800.0,-594658757#2,23
2800.0,303647015#0,1
2800.0,51362431,7
2800.0,E0,17
2820.0,-594658757#2,23
2820.0,51362431,7
2820.0,E0,17
2840.0,-594658757#2,24
2840.0,51362431,7
2840.0,E0,16
2860.0,-594658757#2,24
2860.0,51362431,7
2860.0,E0,16
2880.0,-594658757#2,24
2880.0,51362431,7
2880.0,E0,16
2900.0,-594658757#2,24
2900.0,51362431,7
2900.0,E0,16
2920.0,-594658757#2,24
2920.0,51362431,7
2920.0,E0,16
2940.0,-594658757#2,24
2940.0,51362431,7
2940.0,E0,16
2960.0,-594658757#2,24
2960.0,51362431,7
2960.0,E0,16
2980.0,-594658757#2,24
2980.0,51362431,7
2980.0,E0,16
3000.0,-594658757#2,24
3000.0,51362431,7
3000.0,E0,16
3020.0,-594658757#2,24
3020.0,51362431,7
3020.0,E0,16
3040.0,-594658757#2,24
3040.0,51362431,7
3040.0,E0,16
3060.0,-594658757#2,24
3060.0,51362431,7
3060.0,E0,16
3080.0,-594658757#2,24
3080.0,51362431,7
3080.0,E0,16
3100.0,-594658757#2,24
3100.0,51362431,6
3100.0,E0,16
3120.0,-594658757#2,23
3120.0,51362431,6
3120.0,E0,16
3140.0,-594658757#2,24
3140.0,51362431,6
3140.0,E0,15
3160.0,-594658757#2,24
3160.0,51362431,6
3160.0,E0,15
3180.0,-594658757#2,24
3180.0,51362431,6
3180.0,E0,15
3200.0,-594658757#2,24
3200.0,51362431,6
3200.0,E0,15
3220.0,-594658757#2,24
3220.0,51362431,6
3220.0,E0,15
3240.0,-594658757#2,24
3240.0,51362431,6
3240.0,E0,15
3260.0,-594658757#2,24
3260.0,51362431,6
3260.0,E0,15
3280.0,-594658757#2,24
3280.0,51362431,6
3280.0,E0,15
3300.0,-594658757#2,24
3300.0,51362431,6
3300.0,E0,15
3320.0,-594658757#2,24
3320.0,51362431,6
3320.0,E0,15
3340.0,-594658757#2,24
3340.0,51362431,6
3340.0,E0,15
3360.0,-594658757#2,24
3360.0,51362431,6
3360.0,E0,15
3380.0,-594658757#2,24
3380.0,51362431,6
3380.0,E0,15
3400.0,-594658757#2,24
3400.0,51362431,5
3400.0,594658757#0,1
3400.0,E0,15
3420.0,-594658757#2,23
3420.0,303647015#0,1
3420.0,51362431,5
3420.0,E0,15
3440.0,-594658757#2,23
3440.0,51362431,5
3440.0,:655375336_6,1
3440.0,E0,14
3460.0,-594658757#2,24
3460.0,51362431,5
3460.0,E0,14
3480.0,-594658757#2,24
3480.0,51362431,5
3480.0,E0,14
3500.0,-594658757#2,24
3500.0,51362431,5
3500.0,E0,14
3520.0,-594658757#2,24
3520.0,51362431,5
3520.0,E0,14
3540.0,-594658757#2,24
3540.0,51362431,5
3540.0,E0,14
3560.0,-594658757#2,24
3560.0,51362431,5
3560.0,E0,14
3580.0,-594658757#2,24
3580.0,51362431,5
3580.0,E0,14
3600.0,-594658757#2,24
3600.0,51362431,5
3600.0,E0,14
3620.0,-594658757#2,24
3620.0,51362431,5
3620.0,E0,14
3640.0,-594658757#2,24
3640.0,51362431,5
3640.0,E0,14
3660.0,-594658757#2,24
3660.0,51362431,5
3660.0,E0,14
3680.0,-594658757#2,24
3680.0,51362431,5
3680.0,E0,14
3700.0,-594658757#2,24
3700.0,51362431,4
3700.0,594658757#0,1
3700.0,E0,14
3720.0,-594658757#2,23
3720.0,303647015#0,1
3720.0,51362431,4
3720.0,E0,14
3740.0,-594658757#2,23
3740.0,51362431,4
3740.0,E0,14
3760.0,-594658757#2,24
3760.0,51362431,4
3760.0,E0,13
3780.0,-594658757#2,24
3780.0,51362431,4
3780.0,E0,13
3800.0,-594658757#2,24
3800.0,51362431,4
3800.0,E0,13
3820.0,-594658757#2,24
3820.0,51362431,4
3820.0,E0,13
3840.0,-594658757#2,24
3840.0,51362431,4
3840.0,E0,13
3860.0,-594658757#2,24
3860.0,51362431,4
3860.0,E0,13
3880.0,-594658757#2,24
3880.0,51362431,4
3880.0,E0,13
3900.0,-594658757#2,24
3900.0,51362431,4
3900.0,E0,13
3920.0,-594658757#2,24
3920.0,51362431,4
3920.0,E0,13
3940.0,-594658757#2,24
3940.0,51362431,4
3940.0,E0,13
3960.0,-594658757#2,24
3960.0,51362431,4
3960.0,E0,13
3980.0,-594658757#2,24
3980.0,51362431,4
3980.0,E0,13
4000.0,-594658757#2,24
4000.0,51362431,3
4000.0,594658757#0,1
4000.0,E0,13
4020.0,-594658757#2,24
4020.0,51362431,3
4020.0,E0,13
4040.0,-594658757#2,23
4040.0,51362431,3
4040.0,E0,13
4060.0,-594658757#2,24
4060.0,51362431,3
4060.0,E0,12
4080.0,-594658757#2,24
4080.0,51362431,3
4080.0,E0,12
4100.0,-594658757#2,24
4100.0,51362431,3
4100.0,E0,12
4120.0,-594658757#2,24
4120.0,51362431,3
4120.0,E0,12
4140.0,-594658757#2,24
4140.0,51362431,3
4140.0,E0,12
4160.0,-594658757#2,24
4160.0,51362431,3
4160.0,E0,12
4180.0,-594658757#2,24
4180.0,51362431,3
4180.0,E0,12
4200.0,-594658757#2,24
4200.0,51362431,3
4200.0,E0,12
4220.0,-594658757#2,24
4220.0,51362431,3
4220.0,E0,12
4240.0,-594658757#2,24
4240.0,51362431,3
4240.0,E0,12
4260.0,-594658757#2,24
4260.0,51362431,3
4260.0,E0,12
4280.0,-594658757#2,24
4280.0,51362431,3
4280.0,E0,12
4300.0,-594658757#2,24
4300.0,51362431,3
4300.0,E0,12
4320.0,-594658757#2,24
4320.0,51362431,2
4320.0,E0,12
4340.0,-594658757#2,23
4340.0,303647015#0,1
4340.0,51362431,2
4340.0,E0,12
4360.0,-594658757#2,24
4360.0,51362431,2
4360.0,E0,11
4380.0,-594658757#2,24
4380.0,51362431,2
4380.0,E0,11
4400.0,-594658757#2,24
4400.0,51362431,2
4400.0,E0,11
4420.0,-594658757#2,24
4420.0,51362431,2
4420.0,E0,11
4440.0,-594658757#2,24
4440.0,51362431,2
4440.0,E0,11
4460.0,-594658757#2,24
4460.0,51362431,2
4460.0,E0,11
4480.0,-594658757#2,24
4480.0,51362431,2
4480.0,E0,11
4500.0,-594658757#2,24
4500.0,51362431,2
4500.0,E0,11
4520.0,-594658757#2,24
4520.0,51362431,2
4520.0,E0,11
4540.0,-594658757#2,24
4540.0,51362431,2
4540.0,E0,11
4560.0,-594658757#2,24
4560.0,51362431,2
4560.0,E0,11
4580.0,-594658757#2,24
4580.0,51362431,2
4580.0,E0,11
4600.0,-594658757#2,24
4600.0,51362431,2
4600.0,E0,11
4620.0,-594658757#2,24
4620.0,51362431,1
4620.0,594658757#0,1
4620.0,E0,11
4640.0,-594658757#2,23
4640.0,303647015#0,1
4640.0,51362431,1
4640.0,E0,11
4660.0,-594658757#2,23
4660.0,1334904386#0,1
4660.0,51362431,1
4660.0,E0,10
4680.0,-594658757#2,23
4680.0,1334904386#0,1
4680.0,51362431,1
4680.0,E0,10
4700.0,-594658757#2,23
4700.0,1334904386#0,1
4700.0,51362431,1
4700.0,E0,10
4720.0,-594658757#2,23
4720.0,1334904386#0,1
4720.0,51362431,1
4720.0,E0,10
4740.0,-594658757#2,23
4740.0,51362431,1
4740.0,:cluster_655375246_655375489_3,1
4740.0,E0,10
4760.0,-594658757#2,23
4760.0,51362431,1
4760.0,E0,10
4780.0,-594658757#2,23
4780.0,51362431,1
4780.0,E0,10
4800.0,-594658757#2,23
4800.0,51362431,1
4800.0,E0,10
4820.0,-594658757#2,23
4820.0,51362431,1
4820.0,E0,10
4840.0,-594658757#2,23
4840.0,51362431,1
4840.0,E0,10
4860.0,-594658757#2,23
4860.0,51362431,1
4860.0,E0,10
4880.0,-594658757#2,23
4880.0,51362431,1
4880.0,E0,10
4900.0,-594658757#2,23
4900.0,51362431,1
4900.0,E0,10
4920.0,-594658757#2,23
4920.0,594658757#0,1
4920.0,E0,10
4940.0,-594658757#2,22
4940.0,303647015#0,1
4940.0,E0,10
4960.0,-594658757#2,22
4960.0,E0,10
4980.0,-594658757#2,22
4980.0,1334904386#0,1
4980.0,E0,9
5000.0,-594658757#2,22
5000.0,1334904386#0,1
5000.0,E0,9
5020.0,-594658757#2,22
5020.0,1334904386#0,1
5020.0,E0,9
5040.0,-594658757#2,22
5040.0,1334904386#0,1
5040.0,E0,9
5060.0,-594658757#2,22
5060.0,303647015#0,1
5060.0,E0,9
5080.0,-594658757#2,22
5080.0,E0,9
5100.0,-594658757#2,22
5100.0,E0,9
5120.0,-594658757#2,22
5120.0,E0,9
5140.0,-594658757#2,22
5140.0,E0,9
5160.0,-594658757#2,22
5160.0,E0,9
5180.0,-594658757#2,22
5180.0,E0,9
5200.0,-594658757#2,22
5200.0,E0,9
5220.0,-594658757#2,22
5220.0,E0,9
5240.0,-594658757#2,22
5240.0,E0,9
5260.0,-594658757#2,21
5260.0,E0,9
5280.0,-594658757#2,21
5280.0,1334904386#0,1
5280.0,E0,8
5300.0,-594658757#2,21
5300.0,303647015#0,1
5300.0,E0,8
5320.0,-594658757#2,21
5320.0,E0,8
5340.0,-594658757#2,21
5340.0,E0,8
5360.0,-594658757#2,21
5360.0,E0,8
5380.0,-594658757#2,21
5380.0,E0,8
5400.0,-594658757#2,21
5400.0,E0,8
5420.0,-594658757#2,21
5420.0,E0,8
5440.0,-594658757#2,21
5440.0,E0,8
5460.0,-594658757#2,21
5460.0,E0,8
5480.0,-594658757#2,21
5480.0,E0,8
5500.0,-594658757#2,21
5500.0,E0,8
5520.0,-594658757#2,21
5520.0,E0,8
5540.0,-594658757#2,21
5540.0,E0,8
5560.0,-594658757#2,20
5560.0,303647015#0,1
5560.0,E0,8
5580.0,-594658757#2,20
5580.0,1334904386#0,1
5580.0,E0,7
5600.0,-594658757#2,22
5600.0,:cluster_655375246_655375489_3,1
5600.0,E0,5
5620.0,-594658757#2,22
5620.0,E0,5
5640.0,-594658757#2,22
5640.0,E0,5
5660.0,-594658757#2,22
5660.0,E0,5
5680.0,-594658757#2,22
5680.0,E0,5
5700.0,-594658757#2,22
5700.0,E0,5
5720.0,-594658757#2,22
5720.0,E0,5
5740.0,-594658757#2,22
5740.0,E0,5
5760.0,-594658757#2,22
5760.0,E0,5
5780.0,-594658757#2,22
5780.0,E0,5
5800.0,-594658757#2,22
5800.0,E0,5
5820.0,-594658757#2,22
5820.0,E0,5
5840.0,-594658757#2,22
5840.0,E0,5
5860.0,-594658757#2,21
5860.0,303647015#0,1
5860.0,E0,5
5880.0,-594658757#2,21
5880.0,E0,5
5900.0,-594658757#2,21
5900.0,1334904386#0,1
5900.0,E0,4
5920.0,-594658757#2,21
5920.0,303647015#0,1
5920.0,E0,4
5940.0,-594658757#2,21
5940.0,E0,4
5960.0,-594658757#2,21
5960.0,E0,4
5980.0,-594658757#2,21
5980.0,E0,4
6000.0,-594658757#2,21
6000.0,E0,4
6020.0,-594658757#2,21
6020.0,E0,4
6040.0,-594658757#2,21
6040.0,E0,4
6060.0,-594658757#2,21
6060.0,E0,4
6080.0,-594658757#2,21
6080.0,E0,4
6100.0,-594658757#2,21
6100.0,E0,4
6120.0,-594658757#2,21
6120.0,E0,4
6140.0,-594658757#2,21
6140.0,E0,4
6160.0,-594658757#2,20
6160.0,303647015#0,1
6160.0,E0,4
6180.0,-594658757#2,20
6180.0,E0,4
6200.0,-594658757#2,20
6200.0,E0,4
6220.0,-594658757#2,20
6220.0,:cluster_655375246_655375489_3,1
6220.0,E0,3
6240.0,-594658757#2,21
6240.0,E0,2
6260.0,-594658757#2,21
6260.0,E0,2
6280.0,-594658757#2,21
6280.0,E0,2
6300.0,-594658757#2,21
6300.0,E0,2
6320.0,-594658757#2,21
6320.0,E0,2
6340.0,-594658757#2,21
6340.0,E0,2
6360.0,-594658757#2,21
6360.0,E0,2
6380.0,-594658757#2,21
6380.0,E0,2
6400.0,-594658757#2,21
6400.0,E0,2
6420.0,-594658757#2,21
6420.0,E0,2
6440.0,-594658757#2,21
6440.0,E0,2
6460.0,-594658757#2,20
6460.0,303647015#0,1
6460.0,E0,2
6480.0,-594658757#2,20
6480.0,E0,2
6500.0,-594658757#2,20
6500.0,E0,2
6520.0,-594658757#2,20
6520.0,E0,2
6540.0,-594658757#2,20
6540.0,1334904386#0,1
6540.0,E0,1
6560.0,-594658757#2,20
6560.0,:cluster_655375246_655375489_3,1
6560.0,E0,1
6580.0,-594658757#2,20
6580.0,E0,1
6600.0,-594658757#2,21
6620.0,-594658757#2,21
6640.0,-594658757#2,21
6660.0,-594658757#2,21
6680.0,-594658757#2,21
6700.0,-594658757#2,21
6720.0,-594658757#2,21
6740.0,-594658757#2,21
6760.0,-594658757#2,21
6780.0,-594658757#2,20
6800.0,-594658757#2,20
6820.0,-594658757#2,20
6840.0,-594658757#2,20
6860.0,-594658757#2,20
6880.0,-594658757#2,20
6900.0,-594658757#2,20
6920.0,-594658757#2,20
6940.0,-594658757#2,20
6960.0,-594658757#2,20
6980.0,-594658757#2,20
7000.0,-594658757#2,20
7020.0,-594658757#2,20
7040.0,-594658757#2,20
7060.0,-594658757#2,20
7080.0,-594658757#2,19
7080.0,303647015#0,1
7100.0,-594658757#2,19
7120.0,-594658757#2,19
7140.0,-594658757#2,19
7160.0,-594658757#2,19
7180.0,-594658757#2,19
7200.0,-594658757#2,19
7220.0,-594658757#2,19
7240.0,-594658757#2,19
7260.0,-594658757#2,19
7280.0,-594658757#2,19
7300.0,-594658757#2,19
7320.0,-594658757#2,19
7340.0,-594658757#2,19
7360.0,-594658757#2,19
7380.0,-594658757#2,18
7380.0,303647015#0,1
7400.0,-594658757#2,18
7420.0,-594658757#2,18
7440.0,-594658757#2,18
7460.0,-594658757#2,18
7480.0,-594658757#2,18
7500.0,-594658757#2,18
7520.0,-594658757#2,18
7540.0,-594658757#2,18
7560.0,-594658757#2,18
7580.0,-594658757#2,18
7600.0,-594658757#2,18
7620.0,-594658757#2,18
7640.0,-594658757#2,18
7660.0,-594658757#2,18
7680.0,-594658757#2,17
7680.0,303647015#0,1
7700.0,-594658757#2,17
7720.0,-594658757#2,17
7740.0,-594658757#2,17
7760.0,-594658757#2,17
7780.0,-594658757#2,17
7800.0,-594658757#2,17
7820.0,-594658757#2,17
7840.0,-594658757#2,17
7860.0,-594658757#2,17
7880.0,-594658757#2,17
7900.0,-594658757#2,17
7920.0,-594658757#2,17
7940.0,-594658757#2,17
7960.0,-594658757#2,17
7980.0,-594658757#2,17
8000.0,-594658757#2,16
8000.0,303647015#0,1
8020.0,-594658757#2,16
8040.0,-594658757#2,16
8060.0,-594658757#2,16
8080.0,-594658757#2,16
8100.0,-594658757#2,16
8120.0,-594658757#2,16
8140.0,-594658757#2,16
8160.0,-594658757#2,16
8180.0,-594658757#2,16
8200.0,-594658757#2,16
8220.0,-594658757#2,16
8240.0,-594658757#2,16
8260.0,-594658757#2,16
8280.0,-594658757#2,16
8300.0,-594658757#2,15
8300.0,303647015#0,1
8320.0,-594658757#2,15
8340.0,-594658757#2,15
8360.0,-594658757#2,15
8380.0,-594658757#2,15
8400.0,-594658757#2,15
8420.0,-594658757#2,15
8440.0,-594658757#2,15
8460.0,-594658757#2,15
8480.0,-594658757#2,15
8500.0,-594658757#2,15
8520.0,-594658757#2,15
8540.0,-594658757#2,15
8560.0,-594658757#2,15
8580.0,-594658757#2,15
8600.0,-594658757#2,14
8600.0,303647015#0,1
8620.0,-594658757#2,14
8640.0,-594658757#2,14
8660.0,-594658757#2,14
8680.0,-594658757#2,14
8700.0,-594658757#2,14
8720.0,-594658757#2,14
8740.0,-594658757#2,14
8760.0,-594658757#2,14
8780.0,-594658757#2,14
8800.0,-594658757#2,14
8820.0,-594658757#2,14
8840.0,-594658757#2,14
8860.0,-594658757#2,14
8880.0,-594658757#2,14
8900.0,-594658757#2,14
8920.0,-594658757#2,13
8940.0,-594658757#2,13
8960.0,-594658757#2,13
8980.0,-594658757#2,13
9000.0,-594658757#2,13
9020.0,-594658757#2,13
9040.0,-594658757#2,13
9060.0,-594658757#2,13
9080.0,-594658757#2,13
9100.0,-594658757#2,13
9120.0,-594658757#2,13
9140.0,-594658757#2,13
9160.0,-594658757#2,13
9180.0,-594658757#2,13
9200.0,-594658757#2,13
9220.0,-594658757#2,12
9220.0,303647015#0,1
9240.0,-594658757#2,12
9260.0,-594658757#2,12
9280.0,-594658757#2,12
9300.0,-594658757#2,12
9320.0,-594658757#2,12
9340.0,-594658757#2,12
9360.0,-594658757#2,12
9380.0,-594658757#2,12
9400.0,-594658757#2,12
9420.0,-594658757#2,12
9440.0,-594658757#2,12
9460.0,-594658757#2,12
9480.0,-594658757#2,12
9500.0,-594658757#2,12
9520.0,-594658757#2,11
9520.0,303647015#0,1
9540.0,-594658757#2,11
9560.0,-594658757#2,11
9580.0,-594658757#2,11
9600.0,-594658757#2,11
9620.0,-594658757#2,11
9640.0,-594658757#2,11
9660.0,-594658757#2,11
9680.0,-594658757#2,11
9700.0,-594658757#2,11
9720.0,-594658757#2,11
9740.0,-594658757#2,11
9760.0,-594658757#2,11
9780.0,-594658757#2,11
9800.0,-594658757#2,11
9820.0,-594658757#2,10
9820.0,303647015#0,1
9840.0,-594658757#2,10
9860.0,-594658757#2,10
9880.0,-594658757#2,10
9900.0,-594658757#2,10
9920.0,-594658757#2,10
9940.0,-594658757#2,10
9960.0,-594658757#2,10
9980.0,-594658757#2,10
10000.0,-594658757#2,10
10020.0,-594658757#2,10
10040.0,-594658757#2,10
10060.0,-594658757#2,10
10080.0,-594658757#2,10
10100.0,-594658757#2,10
10120.0,-594658757#2,10
10140.0,-594658757#2,9
10160.0,-594658757#2,9
10180.0,-594658757#2,9
10200.0,-594658757#2,9
10220.0,-594658757#2,9
10240.0,-594658757#2,9
10260.0,-594658757#2,9
10280.0,-594658757#2,9
10300.0,-594658757#2,9
10320.0,-594658757#2,9
10340.0,-594658757#2,9
10360.0,-594658757#2,9
10380.0,-594658757#2,9
10400.0,-594658757#2,9
10420.0,-594658757#2,9
10440.0,-594658757#2,8
10440.0,303647015#0,1
10460.0,-594658757#2,8
10480.0,-594658757#2,8
10500.0,-594658757#2,8
10520.0,-594658757#2,8
10540.0,-594658757#2,8
10560.0,-594658757#2,8
10580.0,-594658757#2,8
10600.0,-594658757#2,8
10620.0,-594658757#2,8
10640.0,-594658757#2,8
10660.0,-594658757#2,8
10680.0,-594658757#2,8
10700.0,-594658757#2,8
10720.0,-594658757#2,8
10740.0,-594658757#2,7
10740.0,303647015#0,1
10760.0,-594658757#2,7
10780.0,-594658757#2,7
10800.0,-594658757#2,7
10820.0,-594658757#2,7
10840.0,-594658757#2,7
10860.0,-594658757#2,7
10880.0,-594658757#2,7
10900.0,-594658757#2,7
10920.0,-594658757#2,7
10940.0,-594658757#2,7
10960.0,-594658757#2,7
10980.0,-594658757#2,7
11000.0,-594658757#2,7
11020.0,-594658757#2,7
11040.0,-594658757#2,6
11040.0,303647015#0,1
11060.0,-594658757#2,6
11080.0,-594658757#2,6
11100.0,-594658757#2,6
11120.0,-594658757#2,6
11140.0,-594658757#2,6
11160.0,-594658757#2,6
11180.0,-594658757#2,6
11200.0,-594658757#2,6
11220.0,-594658757#2,6
11240.0,-594658757#2,6
11260.0,-594658757#2,6
11280.0,-594658757#2,6
11300.0,-594658757#2,6
11320.0,-594658757#2,6
11340.0,-594658757#2,6
11360.0,-594658757#2,5
11360.0,303647015#0,1
11380.0,-594658757#2,5
11400.0,-594658757#2,5
11420.0,-594658757#2,5
11440.0,-594658757#2,5
11460.0,-594658757#2,5
11480.0,-594658757#2,5
11500.0,-594658757#2,5
11520.0,-594658757#2,5
11540.0,-594658757#2,5
11560.0,-594658757#2,5
11580.0,-594658757#2,5
11600.0,-594658757#2,5
11620.0,-594658757#2,5
11640.0,-594658757#2,5
11660.0,-594658757#2,4
11660.0,303647015#0,1
11680.0,-594658757#2,4
11700.0,-594658757#2,4
11720.0,-594658757#2,4
11740.0,-594658757#2,4
11760.0,-594658757#2,4
11780.0,-594658757#2,4
11800.0,-594658757#2,4
11820.0,-594658757#2,4
11840.0,-594658757#2,4
11860.0,-594658757#2,4
11880.0,-594658757#2,4
11900.0,-594658757#2,4
11920.0,-594658757#2,4
11940.0,-594658757#2,4
11960.0,-594658757#2,3
11960.0,303647015#0,1
11980.0,-594658757#2,3
12000.0,-594658757#2,3
12020.0,-594658757#2,3
12040.0,-594658757#2,3
12060.0,-594658757#2,3
12080.0,-594658757#2,3
12100.0,-594658757#2,3
12120.0,-594658757#2,3
12140.0,-594658757#2,3
12160.0,-594658757#2,3
12180.0,-594658757#2,3
12200.0,-594658757#2,3
12220.0,-594658757#2,3
12240.0,-594658757#2,3
12260.0,-594658757#2,2
12260.0,303647015#0,1
12280.0,-594658757#2,2
12300.0,-594658757#2,2
12320.0,-594658757#2,2
12340.0,-594658757#2,2
12360.0,-594658757#2,2
12380.0,-594658757#2,2
12400.0,-594658757#2,2
12420.0,-594658757#2,2
12440.0,-594658757#2,2
12460.0,-594658757#2,2
12480.0,-594658757#2,2
12500.0,-594658757#2,2
12520.0,-594658757#2,2
12540.0,-594658757#2,2
12560.0,-594658757#2,2
12580.0,-594658757#2,1
12600.0,-594658757#2,1
12620.0,-594658757#2,1
12640.0,-594658757#2,1
12660.0,-594658757#2,1
12680.0,-594658757#2,1
12700.0,-594658757#2,1
12720.0,-594658757#2,1
12740.0,-594658757#2,1
12760.0,-594658757#2,1
12780.0,-594658757#2,1
