time,edge_id,vehicle_count
20.0,-300077497#5,2
20.0,-35274074#2,2
20.0,-593849724,2
20.0,1068234498#0,1
20.0,196961215#2,1
20.0,261898534,1
20.0,263217604#0,1
20.0,268564473#0,2
20.0,300077497#0,1
20.0,303647015#0,2
20.0,314800955,1
20.0,353392316#0,2
20.0,360851262#0,6
20.0,48794887#0,1
20.0,49695733#2,1
20.0,49695736#0,4
20.0,506322844#0,3
20.0,506322851#0,5
20.0,51289045#3,1
20.0,51362429#0,2
20.0,593842812#2,2
20.0,593847701,1
20.0,593847702#3,2
20.0,593847704#0,5
20.0,593849711#0,2
20.0,593849724,1
20.0,593852346,3
20.0,668037874,3
20.0,910567294,1
20.0,:2081945236_0,1
20.0,:622618108_6,1
20.0,:622618230_3,1
20.0,:622618230_5,1
40.0,-300077497#5,2
40.0,-35274074#2,1
40.0,-593847701,1
40.0,-593847703#3,2
40.0,-593849724,1
40.0,1068234498#0,1
40.0,198001764#0,1
40.0,261898534,1
40.0,263217604#0,3
40.0,268564473#0,2
40.0,288135626#0,1
40.0,288878926#0,1
40.0,300077497#6,1
40.0,303647015#0,2
40.0,30620492#1,1
40.0,314800955,1
40.0,35274074#0,1
40.0,353392316#0,3
40.0,360851262#0,8
40.0,48794887#0,1
40.0,49073272#0,1
40.0,49695733#0,1
40.0,49695733#2,1
40.0,49695736#0,10
40.0,506322841#1,1
40.0,506322844#0,2
40.0,506322846#0,1
40.0,506322851#0,5
40.0,51362359#0,1
40.0,51362429#0,2
40.0,593842812#2,5
40.0,593847702#3,7
40.0,593847704#0,8
40.0,593849711#0,1
40.0,593852346,3
40.0,594658762#0,4
40.0,668037874,3
40.0,910567294,2
40.0,:2081945236_0,1
40.0,:3086736518_1,1
40.0,:622618108_6,1
40.0,:622618112_2,1
40.0,:622618144_4,1
40.0,:655375238_2,1
40.0,:655375247_4,1
40.0,:cluster_2528018119_655375236_14,1
40.0,:cluster_623980090_623980094_1,1
40.0,:cluster_623980147_623980152_3,1
60.0,-300077497#5,4
60.0,-35274074#2,1
60.0,-51362429#1,1
60.0,-593847703#3,2
60.0,-593849724,3
60.0,1068234499#0,1
60.0,182334378#0,1
60.0,182334379#0,2
60.0,196961215#0,1
60.0,196961378#1,1
60.0,198001764#0,2
60.0,261898534,1
60.0,263217603#0,1
60.0,263217604#0,5
60.0,268564473#0,2
60.0,288878926#0,2
60.0,300077497#0,5
60.0,300077497#6,1
60.0,303647015#0,2
60.0,30620492#1,1
60.0,314800955,1
60.0,353392316#0,5
60.0,360851262#0,7
60.0,49073272#0,1
60.0,49695733#2,2
60.0,49695736#0,7
60.0,506322841#1,1
60.0,506322844#0,2
60.0,506322846#0,1
60.0,506322851#0,5
60.0,506322857#0,2
60.0,51362429#0,1
60.0,593842812#2,7
60.0,593847702#3,8
60.0,593847703#0,5
60.0,593847704#0,14
60.0,593849711#0,1
60.0,593852346,6
60.0,594658762#0,7
60.0,668037874,3
60.0,910567294,1
60.0,:3086736518_1,1
60.0,:622618108_6,1
60.0,:622618112_2,1
60.0,:655375232_7,1
60.0,:655375233_0,1
60.0,:655375238_2,1
60.0,:655375247_2,1
60.0,:655375336_7,1
60.0,:cluster_2528018119_655375236_15,1
60.0,:cluster_5372642442_631668976_631668981_631669076_29,1
80.0,-300077497#5,7
80.0,-35274074#2,1
80.0,-593847703#3,3
80.0,-593849724,4
80.0,1068234498#0,2
80.0,1068440004#1,1
80.0,182334379#0,4
80.0,198001764#0,1
80.0,238526531#0,2
80.0,263217604#0,6
80.0,268564473#0,2
80.0,300077497#0,4
80.0,300077497#6,1
80.0,303647015#0,1
80.0,314800955,1
80.0,35274074#0,2
80.0,353392316#0,6
80.0,360851262#0,7
80.0,48794887#0,1
80.0,49073226#2,1
80.0,49073272#0,1
80.0,49695733#0,3
80.0,49695733#2,1
80.0,49695736#0,3
80.0,506322841#1,1
80.0,506322841#4,1
80.0,506322844#0,6
80.0,506322848#0,1
80.0,506322851#0,5
80.0,51289045#1,1
80.0,51289045#3,1
80.0,51362359#0,1
80.0,51362429#0,1
80.0,593842812#2,5
80.0,593847701,1
80.0,593847702#3,2
80.0,593847703#0,11
80.0,593847704#0,20
80.0,593852346,12
80.0,594658762#0,13
80.0,668037874,3
80.0,910567294,1
80.0,:1926948273_0,1
80.0,:622618108_6,1
80.0,:622618144_4,1
80.0,:622618197_5,1
80.0,:622618230_1,2
80.0,:631668926_0,1
80.0,:655375238_7,1
80.0,:cluster_2528018119_655375236_16,1
80.0,:cluster_3208478133_655375293_655375296_9631728504_#1more_0,1
80.0,:cluster_3431431575_4777363357_655375231_6982059025_5,1
80.0,:cluster_5372642442_631668976_631668981_631669076_21,1
80.0,:cluster_5372642442_631668976_631668981_631669076_6,1
80.0,:cluster_623980147_623980152_14,1
100.0,-300077497#5,8
100.0,-35274074#2,2
100.0,-593847703#3,3
100.0,-593849724,4
100.0,1068234498#0,3
100.0,1068234499#0,4
100.0,1068440004#1,1
100.0,182334379#0,7
100.0,196961215#2,1
100.0,198001764#0,2
100.0,263217603#0,1
100.0,263217604#0,8
100.0,268564473#0,2
100.0,288135626#0,2
100.0,288878926#0,3
100.0,288878927,1
100.0,300077497#0,3
100.0,303647015#0,2
100.0,314800955,1
100.0,35274074#0,1
100.0,353392316#0,5
100.0,360851262#0,13
100.0,48794887#0,1
100.0,49073272#0,1
100.0,49695733#2,4
100.0,49695736#0,5
100.0,506322841#1,1
100.0,506322844#0,3
100.0,506322846#0,3
100.0,506322851#0,5
100.0,51289045#1,1
100.0,51289045#3,3
100.0,51362429#0,1
100.0,51392936#0,3
100.0,593842812#2,3
100.0,593847702#3,2
100.0,593847703#0,9
100.0,593847704#0,18
100.0,593849711#0,1
100.0,593849718#0,1
100.0,593849724,1
100.0,593852346,8
100.0,594658762#0,11
100.0,668037874,3
100.0,910567294,2
100.0,:622618015_3,1
100.0,:622618108_6,1
100.0,:622618230_5,1
100.0,:655375233_0,1
100.0,:655375240_1,1
100.0,:cluster_2528018119_655375236_2,2
100.0,:cluster_3208478133_655375293_655375296_9631728504_#1more_0,1
100.0,:cluster_623980147_623980152_3,1
100.0,:cluster_9383263990_9383263991_9383263992_9383263993_3,1
120.0,-300077497#5,11
120.0,-35274074#2,3
120.0,-545977624#2,1
120.0,-593849724,5
120.0,-E0,1
120.0,1068234498#0,2
120.0,1068234499#0,6
120.0,1068440004#1,1
120.0,182334379#0,6
120.0,182336887#0,1
120.0,196961215#0,1
120.0,196961378#1,1
120.0,196961379#0,1
120.0,238526531#0,5
120.0,261898534,1
120.0,263217603#0,2
120.0,263217604#0,9
120.0,268564473#0,3
120.0,288135628#0,1
120.0,288878926#0,4
120.0,303647015#0,2
120.0,30620492#1,1
120.0,314800955,1
120.0,35274074#0,1
120.0,353392316#0,11
120.0,360851262#0,19
120.0,49695733#2,1
120.0,49695736#0,9
120.0,506322841#1,1
120.0,506322844#0,2
120.0,506322846#2,3
120.0,506322848#0,1
120.0,506322851#0,5
120.0,51289045#3,3
120.0,51362359#0,1
120.0,51362429#0,2
120.0,51392936#0,3
120.0,593842812#2,1
120.0,593847702#3,1
120.0,593847703#0,4
120.0,593847704#0,16
120.0,593849718#0,1
120.0,593849724,3
120.0,593852346,7
120.0,594658762#0,1
120.0,668037874,3
120.0,910567294,1
120.0,:2444664370_0,1
120.0,:3086736518_1,1
120.0,:622618108_3,1
120.0,:622618108_6,1
120.0,:622618112_2,1
120.0,:622618197_5,1
120.0,:655375232_7,1
120.0,:655375233_5,3
120.0,:655375238_6,1
120.0,:656132499_0,1
120.0,:cluster_2528018119_655375236_2,2
120.0,:cluster_2528018119_655375236_22,1
120.0,:cluster_3208478133_655375293_655375296_9631728504_#1more_0,1
120.0,:cluster_5372642442_631668976_631668981_631669076_0,1
120.0,:cluster_5372642442_631668976_631668981_631669076_1,1
120.0,:cluster_5372642442_631668976_631668981_631669076_12,1
140.0,-300077497#5,14
140.0,-35274074#2,1
140.0,-51362429#1,1
140.0,-593849724,5
140.0,-E0,1
140.0,1068234498#0,1
140.0,1068234499#0,10
140.0,1068440004#1,1
140.0,182334379#0,4
140.0,182336887#0,1
140.0,182336887#2,1
140.0,196961215#0,1
140.0,196961378#1,1
140.0,198001764#0,1
140.0,263217604#0,11
140.0,268564473#0,2
140.0,288135628#0,3
140.0,288878926#0,5
140.0,303647015#0,1
140.0,30620492#1,1
140.0,314800955,1
140.0,353392316#0,16
140.0,360851262#0,21
140.0,48794887#0,1
140.0,49073272#0,2
140.0,49695733#0,1
140.0,49695733#2,1
140.0,49695736#0,14
140.0,506322841#1,1
140.0,506322844#0,2
140.0,506322846#0,2
140.0,506322846#2,5
140.0,506322848#0,3
140.0,506322851#0,5
140.0,51362429#0,2
140.0,51392936#0,2
140.0,593842812#2,4
140.0,593847702#3,7
140.0,593847703#0,3
140.0,593847704#0,16
140.0,593849711#0,1
140.0,593849724,6
140.0,593852346,8
140.0,668037874,3
140.0,910567294,1
140.0,:1926948273_1,1
140.0,:3086736518_1,1
140.0,:622618144_4,1
140.0,:cluster_2528018119_655375236_14,1
140.0,:cluster_2528018119_655375236_2,1
140.0,:cluster_5372642442_631668976_631668981_631669076_1,2
160.0,-300077497#5,5
160.0,-35274074#2,1
160.0,-49073264#1,1
160.0,-51362429#1,1
160.0,-593847703#3,4
160.0,-593849724,4
160.0,-E0,1
160.0,1068234498#0,1
160.0,1068234499#0,10
160.0,1068440004#1,1
160.0,182334378#0,2
160.0,182334379#0,3
160.0,182336887#2,1
160.0,196961215#2,1
160.0,198001764#0,1
160.0,261898534,1
160.0,263217604#0,11
160.0,268564473#0,2
160.0,288135626#0,3
160.0,288135628#0,1
160.0,288878926#0,5
160.0,303647015#0,3
160.0,314800955,1
160.0,353392316#0,14
160.0,360851262#0,19
160.0,48794887#0,1
160.0,49073226#2,1
160.0,49695733#0,1
160.0,49695733#2,2
160.0,49695736#0,19
160.0,506322841#1,1
160.0,506322841#4,1
160.0,506322844#0,6
160.0,506322846#0,1
160.0,506322846#2,3
160.0,506322851#0,5
160.0,51362359#0,1
160.0,51362429#0,1
160.0,593842812#2,7
160.0,593847702#3,9
160.0,593847703#0,6
160.0,593847704#0,19
160.0,593849711#0,1
160.0,593849724,6
160.0,593852346,10
160.0,594658762#0,1
160.0,668037874,3
160.0,910567294,1
160.0,:1926948273_2,1
160.0,:622618108_5,1
160.0,:622618108_6,1
160.0,:622618144_4,1
160.0,:622618230_3,1
160.0,:655375233_5,2
160.0,:655375238_2,1
160.0,:655375247_4,1
160.0,:cluster_2528018119_655375236_12,2
160.0,:cluster_5372642442_631668976_631668981_631669076_21,1
160.0,:cluster_5372642442_631668976_631668981_631669076_24,1
160.0,:cluster_5372642442_631668976_631668981_631669076_29,2
160.0,:cluster_5372642442_631668976_631668981_631669076_6,1
180.0,-300077497#5,3
180.0,-35274074#2,1
180.0,-51362429#1,2
180.0,-593847703#3,4
180.0,-593849724,6
180.0,-E0,3
180.0,1068234498#0,1
180.0,1068234499#0,16
180.0,182334378#0,1
180.0,182334379#0,3
180.0,198001764#0,1
180.0,261898534,1
180.0,263217604#0,13
180.0,268564473#0,1
180.0,288135626#0,7
180.0,288878926#0,7
180.0,288878927,2
180.0,303647015#0,2
180.0,30620492#1,1
180.0,314800955,1
180.0,353392316#0,8
180.0,360851262#0,12
180.0,49073272#0,1
180.0,49695733#2,2
180.0,49695736#0,17
180.0,506322841#1,1
180.0,506322844#0,3
180.0,506322848#0,1
180.0,506322851#0,5
180.0,51362429#0,1
180.0,593842812#2,7
180.0,593847702#3,10
180.0,593847703#0,7
180.0,593847704#0,18
180.0,593849711#0,1
180.0,593849724,6
180.0,593852346,8
180.0,594658762#0,6
180.0,668037874,3
180.0,910567294,1
180.0,:2081945236_0,1
180.0,:2444664370_0,1
180.0,:3086736518_1,2
180.0,:622618108_6,1
180.0,:622618112_2,1
180.0,:622618144_4,1
180.0,:622618230_3,1
180.0,:655375238_2,1
180.0,:655375239_2,1
180.0,:655375240_1,1
180.0,:655375247_2,1
180.0,:cluster_2528018119_655375236_15,1
180.0,:cluster_2528018119_655375236_16,2
180.0,:cluster_2528018119_655375236_7,3
180.0,:cluster_3208478133_655375293_655375296_9631728504_#1more_14,1
180.0,:cluster_5372642442_631668976_631668981_631669076_6,1
180.0,:cluster_623980090_623980094_1,1
180.0,:cluster_623980147_623980152_3,1
200.0,-300077497#5,6
200.0,-35274074#2,1
200.0,-593847703#3,7
200.0,-593849724,6
200.0,-E0,3
200.0,1068234498#0,3
200.0,1068234499#0,5
200.0,182334378#0,7
200.0,182334379#0,12
200.0,196961215#0,1
200.0,196961378#1,1
200.0,198001764#0,1
200.0,261898534,1
200.0,263217603#0,1
200.0,263217604#0,15
200.0,268564473#0,2
200.0,288135626#0,4
200.0,288878926#0,10
200.0,300077497#0,6
200.0,303647015#0,2
200.0,30620492#1,1
200.0,314800955,1
200.0,353392316#0,4
200.0,360851262#0,13
200.0,48794887#0,1
200.0,49073264#0,1
200.0,49073272#0,1
200.0,49695733#2,1
200.0,49695736#0,7
200.0,506322841#1,1
200.0,506322844#0,2
200.0,506322846#0,1
200.0,506322846#2,1
200.0,506322851#0,6
200.0,506322857#0,1
200.0,51289045#3,3
200.0,51362429#0,1
200.0,593842812#2,5
200.0,593847701,1
200.0,593847702#3,10
200.0,593847703#0,9
200.0,593847704#0,19
200.0,593849711#0,1
200.0,593849724,6
200.0,593852346,9
200.0,594658762#0,7
200.0,668037874,3
200.0,910567294,1
200.0,:622618108_6,1
200.0,:622618112_2,1
200.0,:622618144_4,1
200.0,:6251747844_2,1
200.0,:655375239_3,1
200.0,:655375240_1,1
200.0,:656132499_0,1
200.0,:cluster_2528018119_655375236_15,1
200.0,:cluster_2528018119_655375236_23,1
200.0,:cluster_2528018119_655375236_6,1
200.0,:cluster_3208478133_655375293_655375296_9631728504_#1more_20,1
200.0,:cluster_5372642442_631668976_631668981_631669076_29,1
200.0,:cluster_5372642442_631668976_631668981_631669076_6,1
220.0,-300077497#5,9
220.0,-35274074#2,2
220.0,-49073264#1,1
220.0,-593847703#3,11
220.0,-593849724,6
220.0,1068234498#0,1
220.0,1068234499#0,2
220.0,182334378#0,5
220.0,182334379#0,13
220.0,196961215#0,1
220.0,196961378#1,1
220.0,198001764#0,2
220.0,261898534,1
220.0,263217604#0,18
220.0,268564473#0,2
220.0,288135626#0,1
220.0,288878926#0,10
220.0,300077497#0,5
220.0,303647015#0,2
220.0,314800955,1
220.0,35274074#0,3
220.0,353392316#0,7
220.0,360851262#0,15
220.0,48794887#0,1
220.0,49073272#0,1
220.0,49695733#0,1
220.0,49695733#2,1
220.0,49695736#0,5
220.0,506322841#1,1
220.0,506322844#0,3
220.0,506322851#0,5
220.0,51289045#1,1
220.0,51289045#3,3
220.0,51362429#0,2
220.0,51392936#0,3
220.0,593842812#2,3
220.0,593847701,1
220.0,593847702#3,5
220.0,593847703#0,10
220.0,593847704#0,20
220.0,593849718#0,4
220.0,593849724,6
220.0,593852346,11
220.0,594658762#0,4
220.0,668037874,3
220.0,910567294,1
220.0,:3086736515_0,1
220.0,:622618108_6,1
220.0,:622618112_2,1
220.0,:622618144_4,1
220.0,:622618197_5,1
220.0,:655375238_7,1
220.0,:655375240_1,1
220.0,:cluster_2528018119_655375236_16,1
220.0,:cluster_2528018119_655375236_23,1
220.0,:cluster_2528018119_655375236_7,1
220.0,:cluster_3208478133_655375293_655375296_9631728504_#1more_0,1
220.0,:cluster_5372642442_631668976_631668981_631669076_1,2
220.0,:cluster_5372642442_631668976_631668981_631669076_12,2
220.0,:cluster_623980147_623980152_14,1
240.0,-300077497#5,11
240.0,-35274074#2,2
240.0,-593847703#3,14
240.0,-593849724,4
240.0,1068234498#0,2
240.0,1068234499#0,2
240.0,182334378#0,2
240.0,182334379#0,11
240.0,196961215#2,1
240.0,198001764#0,1
240.0,238526531#0,5
240.0,263217604#0,18
240.0,268564473#0,2
240.0,288878926#0,11
240.0,300077497#0,2
240.0,303647015#0,3
240.0,314800955,1
240.0,35274074#0,1
240.0,353392316#0,11
240.0,360851262#0,21
240.0,49695733#0,1
240.0,49695733#2,1
240.0,49695736#0,6
240.0,506322841#1,1
240.0,506322841#4,1
240.0,506322844#0,6
240.0,506322846#0,1
240.0,506322846#2,2
240.0,506322851#0,6
240.0,506322857#0,1
240.0,51289045#1,1
240.0,51289045#3,3
240.0,51362429#0,2
240.0,51392936#0,2
240.0,593842812#2,2
240.0,593847702#3,2
240.0,593847703#0,10
240.0,593847704#0,18
240.0,593849711#0,2
240.0,593849718#0,2
240.0,593849724,6
240.0,593852346,8
240.0,594658762#0,3
240.0,668037874,3
240.0,910567294,1
240.0,:1926948273_0,1
240.0,:3086736518_1,1
240.0,:622618108_5,1
240.0,:622618108_6,1
240.0,:622618144_4,1
240.0,:655375232_7,1
240.0,:656132499_0,1
240.0,:cluster_2528018119_655375236_1,1
240.0,:cluster_2528018119_655375236_2,1
240.0,:cluster_5372642442_631668976_631668981_631669076_0,1
260.0,-300077497#5,13
260.0,-35274074#2,1
260.0,-593847703#3,14
260.0,-593849724,3
260.0,1068234498#0,1
260.0,1068234499#0,3
260.0,182334378#0,2
260.0,182334379#0,10
260.0,182336887#2,1
260.0,196961215#2,1
260.0,198001764#0,1
260.0,238526531#0,5
260.0,263217603#0,1
260.0,263217604#0,19
260.0,268564473#0,2
260.0,288878926#0,12
260.0,288878927,1
260.0,303647015#0,2
260.0,30620492#1,1
260.0,314800955,1
260.0,35274074#0,2
260.0,353392316#0,14
260.0,360851262#0,21
260.0,48794887#0,1
260.0,49073226#2,1
260.0,49073272#0,1
260.0,49695733#0,1
260.0,49695733#2,2
260.0,49695736#0,11
260.0,506322841#1,1
260.0,506322844#0,3
260.0,506322846#2,4
260.0,506322848#0,2
260.0,506322851#0,4
260.0,51362429#0,1
260.0,51392936#0,1
260.0,593842812#2,4
260.0,593847701,1
260.0,593847702#3,2
260.0,593847703#0,8
260.0,593847704#0,16
260.0,593849711#0,1
260.0,593849721,1
260.0,593849724,6
260.0,593852346,8
260.0,594658762#0,1
260.0,668037874,3
260.0,910567294,2
260.0,:1926948273_1,1
260.0,:3086736518_1,1
260.0,:622618108_6,1
260.0,:622618112_2,1
260.0,:622618144_4,1
260.0,:655375233_0,1
260.0,:655375240_1,1
260.0,:cluster_2528018119_655375236_2,2
260.0,:cluster_5372642442_631668976_631668981_631669076_1,1
260.0,:cluster_5372642442_631668976_631668981_631669076_22,1
260.0,:cluster_623980147_623980152_3,1
280.0,-300077497#5,15
280.0,-35274074#2,1
280.0,-49073264#1,1
280.0,-593847703#3,14
280.0,1068234498#0,2
280.0,1068234499#0,3
280.0,182334378#0,2
280.0,182334379#0,7
280.0,196961215#0,1
280.0,196961378#1,1
280.0,198001764#0,2
280.0,238526531#0,4
280.0,263217604#0,20
280.0,268564473#0,3
280.0,288135626#0,1
280.0,288135628#0,2
280.0,288878926#0,14
280.0,303647015#0,2
280.0,30620492#1,1
280.0,314800955,1
280.0,353392316#0,17
280.0,360851262#0,20
280.0,48794887#0,1
280.0,49073264#0,1
280.0,49073272#0,1
280.0,49695733#2,1
280.0,49695736#0,17
280.0,506322841#1,1
280.0,506322844#0,2
280.0,506322846#0,2
280.0,506322846#2,3
280.0,506322848#0,3
280.0,506322851#0,6
280.0,51362429#0,1
280.0,593842812#2,7
280.0,593847701,1
280.0,593847702#3,6
280.0,593847703#0,8
280.0,593847704#0,17
280.0,593849711#0,1
280.0,593849724,6
280.0,593852346,8
280.0,668037874,3
280.0,910567294,1
280.0,:622618108_5,1
280.0,:622618108_6,1
280.0,:622618144_4,1
280.0,:622618230_3,1
280.0,:655375247_4,1
280.0,:cluster_2528018119_655375236_2,2
280.0,:cluster_5372642442_631668976_631668981_631669076_21,1
280.0,:cluster_5372642442_631668976_631668981_631669076_6,1
300.0,-300077497#5,17
300.0,-35274074#2,1
300.0,-593847701,1
300.0,-593847703#3,14
300.0,-593849724,3
300.0,-E0,1
300.0,1068234498#0,1
300.0,1068234499#0,7
300.0,182334379#0,13
300.0,182336887#2,1
300.0,196961215#2,1
300.0,263217604#0,22
300.0,268564473#0,2
300.0,288135626#0,9
300.0,288878926#0,14
300.0,303647015#0,1
300.0,314800955,1
300.0,353392316#0,11
300.0,360851262#0,13
300.0,49073272#0,1
300.0,49695733#2,1
300.0,49695736#0,20
300.0,506322841#1,1
300.0,506322844#0,2
300.0,506322846#0,1
300.0,506322848#0,2
300.0,506322851#0,6
300.0,51362429#0,1
300.0,593842812#2,5
300.0,593847702#3,7
300.0,593847703#0,5
300.0,593847704#0,19
300.0,593849711#0,1
300.0,593849724,6
300.0,593852346,11
300.0,594658762#0,7
300.0,668037874,3
300.0,910567294,2
300.0,:1926948273_1,1
300.0,:622618108_6,1
300.0,:622618144_4,1
300.0,:655375233_0,1
300.0,:655375239_3,1
300.0,:655375247_2,1
300.0,:cluster_2528018119_655375236_14,1
300.0,:cluster_2528018119_655375236_22,1
300.0,:cluster_3208478133_655375293_655375296_9631728504_#1more_0,1
300.0,:cluster_3208478133_655375293_655375296_9631728504_#1more_20,1
300.0,:cluster_5372642442_631668976_631668981_631669076_29,1
300.0,:cluster_5372642442_631668976_631668981_631669076_6,1
320.0,-300077497#5,7
320.0,-51362429#1,1
320.0,-593847703#3,10
320.0,-593849724,3
320.0,1068234498#0,1
320.0,1068234499#0,19
320.0,182334378#0,3
320.0,182334379#0,14
320.0,196961215#2,1
320.0,196961377#0,1
320.0,263217604#0,23
320.0,288135626#0,4
320.0,288878926#0,14
320.0,314800955,1
320.0,353392316#0,4
320.0,360851262#0,13
320.0,49073272#0,1
320.0,49695736#0,21
320.0,506322844#0,6
320.0,506322848#0,2
320.0,506322851#0,5
320.0,51289045#1,1
320.0,51289045#3,3
320.0,51392936#0,3
320.0,593842812#2,2
320.0,593847702#3,7
320.0,593847703#0,6
320.0,593847704#0,19
320.0,593849711#0,1
320.0,593849724,6
320.0,593852346,8
320.0,594658762#0,12
320.0,668037874,3
320.0,910567294,2
320.0,:2444664370_0,1
320.0,:622618108_6,1
320.0,:622618112_2,1
320.0,:622618144_4,1
320.0,:655375233_5,2
320.0,:cluster_2528018119_655375236_12,2
320.0,:cluster_2528018119_655375236_26,1
320.0,:cluster_3208478133_655375293_655375296_9631728504_#1more_0,1
320.0,:cluster_5372642442_631668976_631668981_631669076_24,1
320.0,:cluster_5372642442_631668976_631668981_631669076_6,1
340.0,-593847703#3,2
340.0,-593849724,1
340.0,1068234498#0,1
340.0,1068234499#0,26
340.0,182334378#0,8
340.0,182334379#0,14
340.0,196961215#2,1
340.0,196961377#0,1
340.0,263217604#0,22
340.0,288135626#0,3
340.0,288878926#0,14
340.0,314800955,1
340.0,360843888,1
340.0,360851262#0,14
340.0,49073226#2,1
340.0,49695736#0,21
340.0,506322844#0,5
340.0,506322848#0,2
340.0,506322851#0,6
340.0,51392936#0,4
340.0,593847702#3,3
340.0,593847703#0,6
340.0,593847704#0,19
340.0,593849711#0,1
340.0,593849724,6
340.0,593852346,8
340.0,594658762#0,16
340.0,668037874,3
340.0,910567294,1
340.0,:2444664370_0,1
340.0,:622618108_5,1
340.0,:622618108_6,1
340.0,:622618112_2,1
340.0,:622618144_4,1
340.0,:622618197_5,1
340.0,:655375239_3,1
340.0,:655375240_1,1
340.0,:656132499_0,1
360.0,-593847703#3,3
360.0,1068234499#0,9
360.0,182334378#0,20
360.0,182334379#0,9
360.0,196961215#2,1
360.0,196961377#3,1
360.0,263217603#0,1
360.0,263217604#0,25
360.0,288135628#0,7
360.0,288878926#0,15
360.0,300077497#0,5
360.0,314800955,1
360.0,360851262#0,21
360.0,49073272#0,1
360.0,49695736#0,6
360.0,506322844#0,2
360.0,506322848#0,2
360.0,506322851#0,6
360.0,593847703#0,6
360.0,593847704#0,16
360.0,593849718#0,2
360.0,593849724,6
360.0,593852346,11
360.0,594658762#0,6
360.0,668037874,3
360.0,:622618108_6,1
360.0,:622618144_4,1
360.0,:655375240_1,1
360.0,:cluster_2528018119_655375236_15,1
360.0,:cluster_2528018119_655375236_16,1
360.0,:cluster_2528018119_655375236_27,1
360.0,:cluster_2528018119_655375236_6,1
360.0,:cluster_2528018119_655375236_7,2
380.0,-593847703#3,6
380.0,1068440004#1,1
380.0,182334378#0,16
380.0,182334379#0,11
380.0,196961215#2,1
380.0,196961377#3,1
380.0,263217604#0,27
380.0,288878926#0,15
380.0,300077497#0,6
380.0,314800955,1
380.0,35274074#0,1
380.0,360851262#0,21
380.0,506322844#0,2
380.0,506322848#0,2
380.0,506322851#0,6
380.0,593847702#3,3
380.0,593847703#0,6
380.0,593847704#0,16
380.0,593849711#0,1
380.0,593849724,6
380.0,593852346,8
380.0,668037874,3
380.0,:622618108_6,1
380.0,:622618112_2,1
380.0,:622618144_4,1
380.0,:622618230_3,1
380.0,:655375238_7,1
380.0,:655375336_40,1
380.0,:655375336_9,1
380.0,:cluster_2528018119_655375236_16,1
380.0,:cluster_2528018119_655375236_27,1
400.0,-593847703#3,6
400.0,-E0,3
400.0,1068440004#1,2
400.0,182334379#0,9
400.0,196961215#2,1
400.0,196961377#3,1
400.0,238526531#0,5
400.0,263217604#0,27
400.0,288878926#0,14
400.0,314800955,1
400.0,35274074#0,3
400.0,360851262#0,21
400.0,49073272#0,1
400.0,506322844#0,6
400.0,506322848#0,1
400.0,506322851#0,6
400.0,51289045#5,1
400.0,593847702#3,10
400.0,593847703#0,1
400.0,593847704#0,12
400.0,593849724,5
400.0,593852346,7
400.0,668037874,3
400.0,:622618144_4,1
400.0,:622618230_3,1
400.0,:cluster_2528018119_655375236_2,3
420.0,-300077497#8,1
420.0,-593847703#3,6
420.0,-593849724,1
420.0,1068440004#1,2
420.0,182334379#0,2
420.0,196961215#2,1
420.0,196961379#0,1
420.0,238526531#0,4
420.0,263217604#0,27
420.0,288135628#0,3
420.0,288878926#0,14
420.0,314800955,1
420.0,360851262#0,14
420.0,49073272#0,1
420.0,506322844#0,4
420.0,506322848#0,1
420.0,506322851#0,5
420.0,593847702#3,11
420.0,593847704#0,17
420.0,593852346,6
420.0,594658762#0,6
420.0,668037874,3
420.0,:622618108_6,1
420.0,:622618144_4,1
420.0,:655375247_2,1
420.0,:cluster_5372642442_631668976_631668981_631669076_1,1
420.0,:cluster_5372642442_631668976_631668981_631669076_22,1
440.0,-300077497#5,1
440.0,-593847704#2,1
440.0,1068440004#1,2
440.0,196961215#2,1
440.0,263217604#0,30
440.0,288878926#0,14
440.0,360851262#0,13
440.0,49073272#0,1
440.0,506322844#0,2
440.0,506322851#0,5
440.0,593847702#3,7
440.0,593847704#0,20
440.0,593849718#0,3
440.0,593852346,6
440.0,594658762#0,7
440.0,668037874,3
440.0,:622618108_6,1
440.0,:622618144_4,1
440.0,:622618197_2,1
440.0,:655375240_1,1
460.0,182334378#0,1
460.0,196961215#2,1
460.0,263217603#0,1
460.0,263217604#0,31
460.0,288878926#0,14
460.0,360851262#0,13
460.0,49073272#0,1
460.0,506322844#0,6
460.0,506322851#0,5
460.0,593847702#3,2
460.0,593847704#0,17
460.0,593849718#0,1
460.0,593852345#0,1
460.0,593852346,4
460.0,594658762#0,7
460.0,668037874,3
460.0,:3086736518_6,1
460.0,:622618108_3,1
460.0,:622618108_6,1
480.0,196961215#2,1
480.0,263217604#0,31
480.0,288878926#0,14
480.0,360851262#0,18
480.0,506322844#0,6
480.0,506322851#0,6
480.0,51289045#3,1
480.0,593847702#3,1
480.0,593847704#0,16
480.0,593849718#0,3
480.0,593849724,1
480.0,593852346,4
480.0,594658762#0,5
480.0,668037874,3
480.0,:622618108_1,1
500.0,196961215#2,1
500.0,263217604#0,31
500.0,288878926#0,14
500.0,360851262#0,18
500.0,49073272#0,1
500.0,506322844#0,6
500.0,593847702#3,3
500.0,593847704#0,16
500.0,593849724,1
500.0,593852346,5
500.0,594658762#0,3
500.0,668037874,3
500.0,:622618108_6,1
500.0,:655375240_1,2
520.0,196961215#2,1
520.0,263217604#0,31
520.0,288878926#0,14
520.0,360851262#0,18
520.0,49073272#0,1
520.0,506322844#0,6
520.0,593847702#3,5
520.0,593847704#0,18
520.0,593849724,1
520.0,593852346,4
520.0,668037874,3
520.0,:622618108_3,1
540.0,196961215#2,1
540.0,263217604#0,31
540.0,288878926#0,14
540.0,360851262#0,12
540.0,506322844#0,6
540.0,593847702#3,10
540.0,593847704#0,13
540.0,593852346,6
540.0,594658762#0,5
540.0,668037874,3
540.0,:622618108_6,1
540.0,:622618112_2,1
540.0,:622618144_4,1
540.0,:655375247_2,1
560.0,196961215#2,1
560.0,263217604#0,31
560.0,288878926#0,14
560.0,360851262#0,11
560.0,49073272#0,1
560.0,506322844#0,6
560.0,593847702#3,11
560.0,593847704#0,18
560.0,593852346,6
560.0,594658762#0,7
560.0,668037874,3
560.0,:622618108_6,1
560.0,:622618144_4,1
580.0,196961215#2,1
580.0,263217604#0,31
580.0,288878926#0,14
580.0,360851262#0,11
580.0,49073272#0,1
580.0,506322844#0,6
580.0,593847702#3,11
580.0,593847704#0,20
580.0,593852346,6
580.0,594658762#0,6
580.0,668037874,3
580.0,:622618108_6,1
580.0,:622618144_4,1
580.0,:655375240_1,1
600.0,263217604#0,31
600.0,288878926#0,15
600.0,360851262#0,11
600.0,49073272#0,1
600.0,506322844#0,6
600.0,593847702#3,11
600.0,593847704#0,20
600.0,593852346,6
600.0,668037874,3
600.0,:622618108_6,1
600.0,:622618144_4,1
620.0,196961377#0,1
620.0,263217604#0,31
620.0,288878926#0,15
620.0,360851262#0,11
620.0,49073272#0,1
620.0,506322844#0,6
620.0,593847702#3,1
620.0,593847704#0,19
620.0,593849718#0,3
620.0,593852346,3
620.0,668037874,3
620.0,:622618112_2,1
620.0,:622618144_4,1
620.0,:622618197_5,1
620.0,:622618230_5,1
640.0,196961377#3,1
640.0,263217604#0,31
640.0,288878926#0,15
640.0,360851262#0,11
640.0,49073272#0,1
640.0,506322844#0,6
640.0,593847702#3,2
640.0,593847704#0,16
640.0,593849718#0,1
640.0,668037874,3
640.0,:622618108_3,1
640.0,:622618108_6,1
660.0,196961377#3,1
660.0,263217604#0,30
660.0,288878926#0,15
660.0,360851262#0,11
660.0,506322844#0,6
660.0,593847702#3,3
660.0,593847704#0,13
660.0,593849718#0,1
660.0,668037874,3
660.0,:622618108_6,1
680.0,196961377#3,1
680.0,263217604#0,30
680.0,288878926#0,15
680.0,360851262#0,11
680.0,506322844#0,6
680.0,593847702#3,4
680.0,593847704#0,16
680.0,668037874,3
680.0,:622618108_6,1
680.0,:622618112_2,1
700.0,263217604#0,31
700.0,288878926#0,13
700.0,360851262#0,11
700.0,49073272#0,1
700.0,506322844#0,4
700.0,593847702#3,10
700.0,593847704#0,14
700.0,593849715,2
700.0,668037874,3
700.0,:622618108_6,1
700.0,:622618197_1,1
720.0,-593849724,1
720.0,263217604#0,31
720.0,288878926#0,13
720.0,360851262#0,11
720.0,49073272#0,2
720.0,506322844#0,6
720.0,593847702#3,7
720.0,593847704#0,18
720.0,593849718#0,3
720.0,668037874,3
720.0,:622618108_1,1
720.0,:622618108_6,1
720.0,:622618197_2,1
740.0,-593847704#2,1
740.0,263217604#0,31
740.0,288878926#0,13
740.0,360851262#0,11
740.0,49073272#0,1
740.0,506322844#0,6
740.0,593847702#3,1
740.0,593847704#0,18
740.0,593849718#0,1
740.0,668037874,3
740.0,:622618108_6,1
760.0,-593847704#2,1
760.0,263217604#0,31
760.0,288878926#0,13
760.0,360851262#0,11
760.0,49073272#0,1
760.0,506322844#0,6
760.0,593847702#3,4
760.0,593847704#0,17
760.0,668037874,3
780.0,263217604#0,31
780.0,288878926#0,13
780.0,360851262#0,11
780.0,49073272#0,1
780.0,506322844#0,6
780.0,593847702#3,10
780.0,593847704#0,13
780.0,668037874,3
780.0,E0,1
800.0,263217604#0,31
800.0,288878926#0,13
800.0,360851262#0,11
800.0,506322844#0,6
800.0,593847702#3,5
800.0,593847704#0,12
800.0,593849718#0,4
800.0,668037874,3
800.0,:622618108_6,1
800.0,:622618112_2,1
800.0,:622618197_2,2
820.0,263217604#0,31
820.0,288878926#0,13
820.0,360851262#0,11
820.0,49073272#0,1
820.0,506322844#0,6
820.0,593847704#0,10
820.0,668037874,3
820.0,:622618108_6,1
840.0,263217604#0,31
840.0,288878926#0,13
840.0,360851262#0,11
840.0,49073272#0,1
840.0,506322844#0,6
840.0,593847702#3,6
840.0,593847704#0,5
840.0,668037874,3
860.0,263217604#0,31
860.0,288878926#0,13
860.0,360851262#0,10
860.0,49073272#0,1
860.0,506322844#0,6
860.0,593847702#3,11
860.0,594658760#0,1
860.0,668037874,3
880.0,263217604#0,31
880.0,288878926#0,13
880.0,300077497#0,1
880.0,360851262#0,10
880.0,49073272#0,1
880.0,506322844#0,6
880.0,593847702#3,4
880.0,593849718#0,6
880.0,668037874,3
880.0,:622618197_2,1
900.0,263217604#0,31
900.0,288878926#0,13
900.0,35274074#0,1
900.0,360851262#0,8
900.0,506322844#0,6
900.0,593847702#3,1
900.0,594658762#0,1
900.0,668037874,3
900.0,:655375247_4,1
920.0,196961377#0,1
920.0,263217604#0,31
920.0,288878926#0,11
920.0,360851262#0,1
920.0,49073272#0,1
920.0,506322844#0,6
920.0,593847702#3,1
920.0,594658762#0,8
920.0,668037874,2
920.0,:622618108_1,1
920.0,:655375247_2,1
940.0,196961377#3,1
940.0,263217604#0,31
940.0,288878926#0,11
940.0,506322844#0,6
940.0,593847702#3,3
940.0,594658762#0,9
940.0,668037874,3
940.0,:655375240_1,1
960.0,-593849724,1
960.0,263217603#0,1
960.0,263217604#0,30
960.0,288878926#0,9
960.0,360843888,1
960.0,49073272#0,1
960.0,506322844#0,6
960.0,593852345#0,1
960.0,668037874,3
960.0,:622618108_3,1
980.0,-593849724,1
980.0,196961379#0,1
980.0,263217604#0,30
980.0,288878926#0,9
980.0,49073272#0,1
980.0,506322844#0,6
980.0,668037874,3
980.0,:622618108_3,1
1000.0,-593847704#2,1
1000.0,263217604#0,31
1000.0,288878926#0,9
1000.0,506322844#0,3
1000.0,593847702#3,1
1000.0,593849724,1
1000.0,668037874,3
1020.0,263217604#0,31
1020.0,288878926#0,6
1020.0,506322844#0,6
1020.0,593847702#3,1
1020.0,593849724,1
1020.0,593852345#0,1
1020.0,668037874,3
1020.0,:622618108_1,1
1020.0,:622618230_1,1
1020.0,E0,1
1040.0,263217604#0,31
1040.0,288878926#0,3
1040.0,49073272#0,1
1040.0,506322844#0,6
1040.0,593847702#3,1
1040.0,593849724,2
1040.0,668037874,3
1040.0,:622618108_1,1
1040.0,:622618230_1,1
1060.0,196961379#0,2
1060.0,263217604#0,31
1060.0,288878926#0,3
1060.0,506322844#0,6
1060.0,593847702#3,2
1060.0,668037874,3
1060.0,:622618108_3,1
1060.0,:622618112_2,1
1080.0,263217604#0,31
1080.0,288878926#0,1
1080.0,49073272#0,1
1080.0,506322844#0,6
1080.0,593847702#3,3
1080.0,593849724,1
1080.0,668037874,3
1080.0,:622618230_1,1
1100.0,263217604#0,31
1100.0,288878926#0,1
1100.0,506322844#0,6
1100.0,593849718#0,1
1100.0,593849724,1
1100.0,593852345#0,2
1100.0,668037874,3
1120.0,263217604#0,31
1120.0,506322844#0,6
1120.0,593847702#3,1
1120.0,668037874,3
1120.0,:622618015_6,1
1140.0,196961379#0,1
1140.0,263217604#0,31
1140.0,506322844#0,6
1140.0,593847702#3,1
1140.0,668037874,3
1160.0,263217604#0,31
1160.0,506322844#0,6
1160.0,593847702#3,1
1160.0,668037874,3
1180.0,263217604#0,31
1180.0,506322844#0,6
1180.0,593852345#0,1
1180.0,668037874,3
1200.0,263217604#0,31
1200.0,506322844#0,6
1200.0,668037874,3
1220.0,263217604#0,31
1220.0,506322844#0,6
1220.0,668037874,3
1240.0,196961377#0,1
1240.0,263217604#0,31
1240.0,506322844#0,6
1240.0,668037874,3
1260.0,196961377#3,1
1260.0,263217604#0,30
1260.0,360843888,1
1260.0,506322844#0,6
1260.0,668037874,3
1280.0,196961377#3,1
1280.0,260881642#0,1
1280.0,263217604#0,30
1280.0,506322844#0,6
1280.0,668037874,3
1300.0,-593847704#2,1
1300.0,263217604#0,30
1300.0,506322844#0,6
1300.0,668037874,3
1320.0,263217604#0,31
1320.0,506322844#0,6
1320.0,668037874,3
1320.0,:3086736518_6,1
1340.0,263217604#0,31
1340.0,506322844#0,6
1340.0,668037874,3
1360.0,263217604#0,31
1360.0,506322844#0,6
1360.0,668037874,3
1380.0,263217604#0,31
1380.0,506322844#0,6
1380.0,668037874,3
1400.0,263217604#0,31
1400.0,506322844#0,6
1400.0,668037874,3
1420.0,263217604#0,31
1420.0,506322844#0,6
1420.0,668037874,3
1440.0,263217604#0,31
1440.0,506322844#0,6
1440.0,668037874,3
1460.0,263217604#0,31
1460.0,506322844#0,6
1460.0,668037874,3
1480.0,263217604#0,31
1480.0,506322844#0,6
1480.0,668037874,3
1500.0,263217604#0,31
1500.0,506322844#0,6
1500.0,668037874,3
1520.0,263217604#0,31
1520.0,506322844#0,6
1520.0,668037874,3
1540.0,196961377#0,1
1540.0,263217604#0,31
1540.0,506322844#0,6
1540.0,668037874,3
1560.0,196961377#3,1
1560.0,263217604#0,29
1560.0,360843888,1
1560.0,506322844#0,6
1560.0,668037874,3
1560.0,:655375401_0,1
1580.0,196961377#3,1
1580.0,263217604#0,28
1580.0,506322844#0,6
1580.0,594658760#0,1
1580.0,668037874,3
1580.0,:655375336_20,1
1600.0,-E0,1
1600.0,1068440004#1,1
1600.0,196961377#3,1
1600.0,263217604#0,28
1600.0,506322844#0,6
1600.0,668037874,3
1620.0,263217604#0,29
1620.0,506322844#0,3
1620.0,668037874,3
1620.0,:622618108_4,1
1620.0,:655375233_11,1
1640.0,263217604#0,31
1640.0,506322844#0,3
1640.0,668037874,3
1640.0,E0,1
1660.0,263217604#0,31
1660.0,506322844#0,6
1660.0,668037874,3
1680.0,263217604#0,31
1680.0,506322844#0,6
1680.0,668037874,3
1700.0,263217604#0,31
1700.0,506322844#0,6
1700.0,668037874,3
1720.0,263217604#0,31
1720.0,506322844#0,6
1720.0,668037874,3
1740.0,263217604#0,31
1740.0,506322844#0,6
1740.0,668037874,3
1760.0,263217604#0,31
1760.0,506322844#0,6
1760.0,668037874,3
1780.0,263217604#0,31
1780.0,506322844#0,6
1780.0,668037874,3
1800.0,263217604#0,31
1800.0,506322844#0,6
1800.0,668037874,3
1820.0,263217604#0,31
1820.0,506322844#0,6
1820.0,668037874,3
1840.0,196961377#0,1
1840.0,263217604#0,31
1840.0,506322844#0,6
1840.0,668037874,3
1860.0,196961377#3,1
1860.0,263217604#0,31
1860.0,506322844#0,6
1860.0,668037874,3
1880.0,-593849724,1
1880.0,260881642#0,1
1880.0,263217604#0,30
1880.0,506322844#0,6
1880.0,668037874,3
1900.0,-593847704#2,1
1900.0,263217604#0,30
1900.0,506322844#0,6
1900.0,668037874,3
1920.0,-593847704#2,1
1920.0,263217604#0,31
1920.0,506322844#0,4
1920.0,668037874,3
1940.0,-593847704#2,1
1940.0,263217604#0,31
1940.0,506322844#0,6
1940.0,668037874,3
1960.0,263217604#0,31
1960.0,506322844#0,6
1960.0,668037874,3
1960.0,E0,1
1980.0,263217604#0,31
1980.0,506322844#0,6
1980.0,668037874,3
2000.0,263217604#0,31
2000.0,506322844#0,6
2000.0,668037874,3
2020.0,263217604#0,31
2020.0,506322844#0,6
2020.0,668037874,3
2040.0,263217604#0,31
2040.0,506322844#0,6
2040.0,668037874,3
2060.0,263217604#0,31
2060.0,506322844#0,6
2060.0,668037874,3
2080.0,263217604#0,31
2080.0,506322844#0,6
2080.0,668037874,3
2100.0,263217604#0,31
2100.0,506322844#0,6
2100.0,668037874,3
2120.0,263217604#0,31
2120.0,506322844#0,6
2120.0,668037874,3
2140.0,263217604#0,31
2140.0,506322844#0,6
2140.0,668037874,3
2160.0,263217604#0,31
2160.0,506322844#0,6
2160.0,668037874,3
2160.0,:619136999_2,1
2180.0,196961377#3,1
2180.0,263217604#0,30
2180.0,360843888,1
2180.0,506322844#0,6
2180.0,668037874,3
2200.0,263217604#0,30
2200.0,506322844#0,6
2200.0,668037874,3
2200.0,:622618197_1,1
2220.0,263217604#0,30
2220.0,506322844#0,6
2220.0,593849711#2,1
2220.0,668037874,3
2240.0,263217604#0,31
2240.0,506322844#0,4
2240.0,668037874,3
2260.0,263217604#0,31
2260.0,506322844#0,6
2260.0,668037874,3
2280.0,263217604#0,31
2280.0,506322844#0,6
2280.0,668037874,3
2300.0,263217604#0,31
2300.0,506322844#0,6
2300.0,668037874,3
2320.0,263217604#0,31
2320.0,506322844#0,6
2320.0,668037874,3
2340.0,263217604#0,31
2340.0,506322844#0,6
2340.0,668037874,3
2360.0,263217604#0,31
2360.0,506322844#0,6
2360.0,668037874,3
2380.0,263217604#0,31
2380.0,506322844#0,6
2380.0,668037874,3
2400.0,263217604#0,31
2400.0,506322844#0,6
2400.0,668037874,3
2420.0,263217604#0,31
2420.0,506322844#0,6
2420.0,668037874,3
2440.0,263217604#0,31
2440.0,506322844#0,6
2440.0,668037874,3
2460.0,196961377#0,1
2460.0,263217604#0,31
2460.0,506322844#0,6
2460.0,668037874,3
2480.0,196961377#3,1
2480.0,263217604#0,30
2480.0,360843888,1
2480.0,506322844#0,6
2480.0,668037874,3
2500.0,196961377#3,1
2500.0,260881642#0,1
2500.0,263217604#0,30
2500.0,506322844#0,6
2500.0,668037874,3
2520.0,196961377#3,1
2520.0,263217604#0,31
2520.0,506322844#0,4
2520.0,668037874,3
2540.0,-593847704#2,1
2540.0,263217604#0,31
2540.0,506322844#0,6
2540.0,668037874,3
2560.0,-593847704#2,1
2560.0,263217604#0,31
2560.0,506322844#0,6
2560.0,668037874,3
2580.0,263217604#0,31
2580.0,506322844#0,6
2580.0,668037874,3
2580.0,E0,1
2600.0,263217604#0,31
2600.0,506322844#0,6
2600.0,668037874,3
2620.0,263217604#0,31
2620.0,506322844#0,6
2620.0,668037874,3
2640.0,263217604#0,31
2640.0,506322844#0,6
2640.0,668037874,3
2660.0,263217604#0,31
2660.0,506322844#0,6
2660.0,668037874,3
2680.0,263217604#0,31
2680.0,506322844#0,6
2680.0,668037874,3
2700.0,263217604#0,31
2700.0,506322844#0,6
2700.0,668037874,3
2720.0,263217604#0,31
2720.0,506322844#0,6
2720.0,668037874,3
2740.0,263217604#0,31
2740.0,506322844#0,6
2740.0,668037874,3
2760.0,196961377#0,1
2760.0,263217604#0,31
2760.0,506322844#0,6
2760.0,668037874,3
2780.0,196961377#3,1
2780.0,263217604#0,31
2780.0,506322844#0,6
2780.0,668037874,3
2800.0,-593849724,1
2800.0,263217604#0,30
2800.0,506322844#0,6
2800.0,668037874,3
2820.0,263217604#0,30
2820.0,506322844#0,5
2820.0,668037874,3
2820.0,:655375239_3,1
2820.0,E0,1
2840.0,263217604#0,31
2840.0,506322844#0,6
2840.0,668037874,3
2860.0,263217604#0,31
2860.0,506322844#0,6
2860.0,668037874,3
2880.0,263217604#0,31
2880.0,506322844#0,6
2880.0,668037874,3
2900.0,263217604#0,31
2900.0,506322844#0,6
2900.0,668037874,3
2920.0,263217604#0,31
2920.0,506322844#0,6
2920.0,668037874,3
2940.0,263217604#0,31
2940.0,506322844#0,6
2940.0,668037874,3
2960.0,263217604#0,31
2960.0,506322844#0,6
2960.0,668037874,3
2980.0,263217604#0,31
2980.0,506322844#0,6
2980.0,668037874,3
3000.0,263217604#0,31
3000.0,506322844#0,6
3000.0,668037874,3
3020.0,263217604#0,31
3020.0,506322844#0,6
3020.0,668037874,3
3040.0,263217604#0,31
3040.0,506322844#0,6
3040.0,668037874,3
3060.0,196961377#0,1
3060.0,263217604#0,31
3060.0,506322844#0,6
3060.0,668037874,3
3080.0,196961377#3,1
3080.0,263217604#0,31
3080.0,506322844#0,6
3080.0,668037874,3
3100.0,196961377#3,1
3100.0,260881642#0,1
3100.0,263217604#0,30
3100.0,506322844#0,6
3100.0,668037874,3
3120.0,263217604#0,30
3120.0,506322844#0,6
3120.0,668037874,3
3120.0,:622618197_1,1
3140.0,-593847704#2,1
3140.0,263217604#0,31
3140.0,506322844#0,4
3140.0,668037874,3
3160.0,-593847704#2,1
3160.0,263217604#0,31
3160.0,506322844#0,6
3160.0,668037874,3
3180.0,-593847704#2,1
3180.0,263217604#0,31
3180.0,506322844#0,6
3180.0,668037874,3
3200.0,263217604#0,31
3200.0,506322844#0,6
3200.0,668037874,3
3200.0,E0,1
3220.0,263217604#0,31
3220.0,506322844#0,6
3220.0,668037874,3
3240.0,263217604#0,31
3240.0,506322844#0,6
3240.0,668037874,3
3260.0,263217604#0,31
3260.0,506322844#0,6
3260.0,668037874,3
3280.0,263217604#0,31
3280.0,506322844#0,6
3280.0,668037874,3
3300.0,263217604#0,31
3300.0,506322844#0,6
3300.0,668037874,3
3320.0,263217604#0,31
3320.0,506322844#0,6
3320.0,668037874,3
3340.0,263217604#0,31
3340.0,506322844#0,6
3340.0,668037874,3
3360.0,196961377#0,1
3360.0,263217604#0,31
3360.0,506322844#0,6
3360.0,668037874,2
3380.0,196961377#0,1
3380.0,263217604#0,31
3380.0,506322844#0,6
3380.0,668037874,3
3400.0,-593849724,1
3400.0,263217604#0,30
3400.0,506322844#0,6
3400.0,594658757#0,1
3400.0,668037874,3
3420.0,-593847704#2,1
3420.0,263217604#0,30
3420.0,506322844#0,6
3420.0,594658757#0,1
3420.0,668037874,3
3440.0,263217604#0,30
3440.0,506322844#0,6
3440.0,668037874,3
3440.0,:655375336_25,1
3440.0,E0,1
3460.0,1068440004#1,1
3460.0,263217604#0,30
3460.0,506322844#0,6
3460.0,594658760#0,1
3460.0,668037874,3
3480.0,1068440004#1,1
3480.0,263217604#0,30
3480.0,506322844#0,6
3480.0,594658760#0,1
3480.0,668037874,3
3500.0,-E0,1
3500.0,263217604#0,31
3500.0,506322844#0,3
3500.0,668037874,3
3520.0,263217604#0,31
3520.0,506322844#0,6
3520.0,668037874,3
3540.0,263217604#0,31
3540.0,506322844#0,6
3540.0,668037874,3
3560.0,263217604#0,31
3560.0,506322844#0,6
3560.0,668037874,3
3580.0,263217604#0,31
3580.0,506322844#0,6
3580.0,668037874,3
3600.0,263217604#0,31
3600.0,506322844#0,6
3600.0,668037874,3
3620.0,263217604#0,31
3620.0,506322844#0,6
3620.0,668037874,3
3640.0,263217604#0,31
3640.0,506322844#0,6
3640.0,668037874,3
3660.0,263217604#0,31
3660.0,506322844#0,6
3660.0,668037874,3
3680.0,196961377#0,1
3680.0,263217604#0,31
3680.0,506322844#0,6
3680.0,668037874,3
3700.0,196961377#3,1
3700.0,263217604#0,31
3700.0,506322844#0,6
3700.0,668037874,3
3720.0,263217604#0,31
3720.0,506322844#0,6
3720.0,593849711#0,1
3720.0,668037874,3
3740.0,263217604#0,31
3740.0,506322844#0,6
3740.0,593849711#2,1
3740.0,668037874,3
3760.0,263217604#0,31
3760.0,506322844#0,6
3760.0,593849711#2,1
3760.0,668037874,3
3780.0,260881642#0,1
3780.0,263217604#0,29
3780.0,506322844#0,6
3780.0,593849711#2,1
3780.0,594658760#0,1
3780.0,668037874,3
3800.0,263217604#0,29
3800.0,506322844#0,6
3800.0,594658760#0,1
3800.0,668037874,3
3800.0,E0,1
3820.0,263217604#0,30
3820.0,506322844#0,6
3820.0,594658760#0,1
3820.0,668037874,3
3840.0,-300077497#5,1
3840.0,263217604#0,30
3840.0,506322844#0,3
3840.0,594658760#0,1
3840.0,668037874,3
3840.0,:655375239_3,1
3860.0,1068440004#1,1
3860.0,182334378#0,1
3860.0,263217604#0,31
3860.0,506322844#0,6
3860.0,668037874,3
3880.0,1068440004#1,1
3880.0,232003903#0,1
3880.0,263217604#0,31
3880.0,506322844#0,6
3880.0,668037874,3
3900.0,263217604#0,31
3900.0,506322844#0,6
3900.0,51289045#5,1
3900.0,668037874,3
3920.0,263217604#0,31
3920.0,506322844#0,6
3920.0,668037874,3
3940.0,263217604#0,31
3940.0,506322844#0,6
3940.0,668037874,3
3960.0,263217604#0,31
3960.0,506322844#0,6
3960.0,668037874,3
3980.0,196961377#0,1
3980.0,263217604#0,31
3980.0,506322844#0,6
3980.0,668037874,3
4000.0,196961377#3,1
4000.0,263217604#0,31
4000.0,506322844#0,6
4000.0,668037874,3
4020.0,196961377#3,1
4020.0,263217604#0,31
4020.0,506322844#0,6
4020.0,668037874,3
4040.0,263217604#0,31
4040.0,506322844#0,6
4040.0,668037874,3
4040.0,:622618197_1,1
4060.0,263217604#0,31
4060.0,506322844#0,6
4060.0,593849711#2,1
4060.0,668037874,3
4080.0,263217604#0,30
4080.0,360843888,1
4080.0,506322844#0,6
4080.0,593849711#2,1
4080.0,668037874,3
4100.0,263217604#0,30
4100.0,506322844#0,6
4100.0,593849711#2,1
4100.0,668037874,3
4120.0,263217604#0,30
4120.0,506322844#0,6
4120.0,668037874,3
4140.0,263217604#0,31
4140.0,506322844#0,6
4140.0,668037874,3
4160.0,263217604#0,31
4160.0,506322844#0,6
4160.0,668037874,3
4180.0,263217604#0,31
4180.0,506322844#0,6
4180.0,668037874,3
4200.0,263217604#0,31
4200.0,506322844#0,6
4200.0,668037874,3
4220.0,263217604#0,31
4220.0,506322844#0,6
4220.0,668037874,3
4240.0,263217604#0,31
4240.0,506322844#0,6
4240.0,668037874,3
4260.0,263217604#0,31
4260.0,506322844#0,6
4260.0,668037874,3
4280.0,196961377#0,1
4280.0,263217604#0,31
4280.0,506322844#0,6
4280.0,668037874,3
4300.0,196961377#0,1
4300.0,263217604#0,31
4300.0,506322844#0,6
4300.0,668037874,3
4320.0,263217604#0,31
4320.0,506322844#0,6
4320.0,593849711#0,1
4320.0,668037874,3
4340.0,263217604#0,31
4340.0,506322844#0,6
4340.0,668037874,3
4340.0,:655375232_6,1
4360.0,263217604#0,31
4360.0,506322844#0,6
4360.0,668037874,3
4380.0,263217604#0,31
4380.0,506322844#0,6
4380.0,668037874,3
4400.0,260881642#0,1
4400.0,263217604#0,30
4400.0,506322844#0,6
4400.0,668037874,3
4420.0,263217604#0,30
4420.0,506322844#0,6
4420.0,668037874,3
4440.0,263217604#0,31
4440.0,506322844#0,3
4440.0,668037874,3
4460.0,263217604#0,31
4460.0,506322844#0,6
4460.0,668037874,3
4480.0,263217604#0,31
4480.0,506322844#0,6
4480.0,668037874,3
4500.0,263217604#0,31
4500.0,506322844#0,6
4500.0,668037874,3
4520.0,263217604#0,31
4520.0,506322844#0,6
4520.0,668037874,3
4540.0,263217604#0,31
4540.0,506322844#0,6
4540.0,668037874,3
4560.0,263217604#0,31
4560.0,506322844#0,6
4560.0,668037874,3
4580.0,263217604#0,31
4580.0,506322844#0,6
4580.0,668037874,3
4600.0,196961377#0,1
4600.0,263217604#0,31
4600.0,506322844#0,6
4600.0,668037874,3
4620.0,196961377#3,1
4620.0,263217604#0,31
4620.0,506322844#0,6
4620.0,668037874,3
4640.0,263217604#0,31
4640.0,506322844#0,6
4640.0,593852346,1
4640.0,668037874,3
4660.0,263217604#0,31
4660.0,506322844#0,6
4660.0,593849711#2,1
4660.0,668037874,3
4680.0,263217604#0,31
4680.0,506322844#0,6
4680.0,593849711#2,1
4680.0,668037874,3
4700.0,263217604#0,30
4700.0,360843888,1
4700.0,506322844#0,6
4700.0,593849711#2,1
4700.0,668037874,3
4720.0,263217604#0,30
4720.0,506322844#0,6
4720.0,593849711#2,1
4720.0,668037874,3
4740.0,263217604#0,30
4740.0,506322844#0,6
4740.0,668037874,3
4740.0,E0,1
4760.0,263217604#0,31
4760.0,506322844#0,6
4760.0,668037874,3
4780.0,263217604#0,31
4780.0,506322844#0,6
4780.0,668037874,3
4800.0,263217604#0,31
4800.0,506322844#0,6
4800.0,668037874,3
4820.0,263217604#0,31
4820.0,506322844#0,6
4820.0,668037874,3
4840.0,263217604#0,31
4840.0,506322844#0,6
4840.0,668037874,3
4860.0,263217604#0,31
4860.0,506322844#0,6
4860.0,668037874,3
4880.0,263217604#0,31
4880.0,506322844#0,6
4880.0,668037874,3
4900.0,196961377#0,1
4900.0,263217604#0,31
4900.0,506322844#0,6
4900.0,668037874,3
4920.0,196961377#3,1
4920.0,263217604#0,31
4920.0,506322844#0,6
4920.0,668037874,3
4940.0,196961377#3,1
4940.0,263217604#0,31
4940.0,506322844#0,6
4940.0,668037874,3
4960.0,263217604#0,31
4960.0,506322844#0,6
4960.0,668037874,3
4960.0,:622618197_1,1
4980.0,-593847704#2,1
4980.0,263217604#0,31
4980.0,506322844#0,6
4980.0,668037874,3
5000.0,-593847704#2,1
5000.0,260881642#0,1
5000.0,263217604#0,30
5000.0,506322844#0,6
5000.0,668037874,3
5020.0,263217604#0,30
5020.0,506322844#0,6
5020.0,668037874,3
5020.0,E0,1
5040.0,263217604#0,31
5040.0,506322844#0,3
5040.0,668037874,3
5060.0,263217604#0,31
5060.0,506322844#0,3
5060.0,668037874,3
5080.0,263217604#0,31
5080.0,506322844#0,3
5080.0,668037874,3
5100.0,263217604#0,31
5100.0,506322844#0,3
5100.0,668037874,3
5120.0,263217604#0,31
5120.0,506322844#0,3
5120.0,668037874,3
5140.0,263217604#0,31
5140.0,506322844#0,3
5140.0,668037874,3
5160.0,263217604#0,31
5160.0,506322844#0,3
5160.0,668037874,3
5180.0,263217604#0,31
5180.0,506322844#0,3
5180.0,668037874,3
5200.0,196961377#0,1
5200.0,263217604#0,31
5200.0,506322844#0,3
5200.0,668037874,3
5220.0,263217604#0,31
5220.0,506322844#0,3
5220.0,668037874,3
5220.0,:619136999_2,1
5240.0,263217604#0,31
5240.0,506322844#0,3
5240.0,593852346,1
5240.0,668037874,3
5260.0,263217604#0,31
5260.0,506322844#0,3
5260.0,593849711#2,1
5260.0,668037874,3
5280.0,263217604#0,31
5280.0,506322844#0,3
5280.0,668037874,3
5280.0,:655375232_4,1
5300.0,1068440006#0,1
5300.0,263217604#0,30
5300.0,360843888,1
5300.0,506322844#0,3
5300.0,668037874,3
5320.0,263217604#0,30
5320.0,506322844#0,3
5320.0,668037874,3
5340.0,263217604#0,31
5340.0,668037874,3
5360.0,263217604#0,31
5360.0,668037874,3
5380.0,263217604#0,31
5380.0,668037874,3
5400.0,263217604#0,31
5400.0,668037874,3
5420.0,263217604#0,31
5420.0,668037874,3
5440.0,263217604#0,31
5440.0,668037874,3
5460.0,263217604#0,31
5460.0,668037874,3
5480.0,263217604#0,31
5480.0,668037874,3
5500.0,196961377#0,1
5500.0,263217604#0,31
5500.0,668037874,3
5520.0,196961377#0,1
5520.0,263217604#0,31
5520.0,668037874,3
5540.0,196961377#3,1
5540.0,263217604#0,31
5540.0,668037874,3
5560.0,263217604#0,31
5560.0,593852346,1
5560.0,668037874,3
5580.0,-593847704#2,1
5580.0,263217604#0,31
5580.0,668037874,3
5600.0,-593847704#2,1
5600.0,263217604#0,31
5600.0,668037874,3
5620.0,-593847704#2,1
5620.0,260881642#0,1
5620.0,263217604#0,30
5620.0,668037874,3
5640.0,263217604#0,30
5640.0,668037874,3
5640.0,E0,1
5660.0,263217604#0,30
5660.0,668037874,3
5680.0,263217604#0,30
5680.0,668037874,3
5700.0,263217604#0,30
5700.0,668037874,3
5720.0,263217604#0,30
5720.0,668037874,3
5740.0,263217604#0,30
5740.0,668037874,3
5760.0,263217604#0,30
5760.0,668037874,3
5780.0,263217604#0,30
5780.0,668037874,3
5800.0,196961377#0,1
5800.0,263217604#0,30
5800.0,668037874,2
5820.0,196961377#0,1
5820.0,263217604#0,30
5820.0,668037874,3
5840.0,196961377#3,1
5840.0,263217604#0,30
5840.0,668037874,3
5860.0,196961377#3,1
5860.0,263217604#0,30
5860.0,668037874,3
5880.0,263217604#0,30
5880.0,593849721,1
5880.0,668037874,3
5900.0,-593847704#2,1
5900.0,263217604#0,30
5900.0,668037874,3
5920.0,-593847704#2,1
5920.0,263217604#0,29
5920.0,594658757#0,1
5920.0,668037874,3
5940.0,-593847704#2,1
5940.0,263217604#0,29
5940.0,668037874,3
5940.0,:655375233_11,1
5960.0,263217604#0,29
5960.0,668037874,3
5980.0,263217604#0,29
5980.0,668037874,3
6000.0,263217604#0,29
6000.0,668037874,3
6020.0,263217604#0,29
6020.0,668037874,3
6040.0,263217604#0,29
6040.0,668037874,3
6060.0,263217604#0,29
6060.0,668037874,3
6080.0,263217604#0,29
6080.0,668037874,3
6100.0,263217604#0,29
6100.0,668037874,3
6120.0,196961377#0,1
6120.0,263217604#0,29
6120.0,668037874,3
6140.0,196961377#3,1
6140.0,263217604#0,29
6140.0,668037874,3
6160.0,-593847704#2,1
6160.0,263217604#0,29
6160.0,668037874,3
6180.0,263217604#0,29
6180.0,668037874,3
6180.0,:3086736518_6,1
6200.0,263217604#0,29
6200.0,668037874,3
6220.0,260881642#0,1
6220.0,263217604#0,28
6220.0,668037874,3
6240.0,263217604#0,28
6240.0,668037874,3
6260.0,263217604#0,28
6260.0,668037874,3
6280.0,263217604#0,28
6280.0,668037874,3
6300.0,263217604#0,28
6300.0,668037874,3
6320.0,263217604#0,28
6320.0,668037874,3
6340.0,263217604#0,28
6340.0,668037874,3
6360.0,263217604#0,28
6360.0,668037874,3
6380.0,263217604#0,28
6380.0,668037874,3
6400.0,263217604#0,28
6400.0,668037874,3
6420.0,196961377#0,1
6420.0,263217604#0,28
6420.0,668037874,3
6440.0,196961377#0,1
6440.0,263217604#0,28
6440.0,668037874,3
6460.0,196961377#3,1
6460.0,263217604#0,28
6460.0,668037874,3
6480.0,263217604#0,28
6480.0,593849711#0,1
6480.0,668037874,3
6500.0,263217604#0,28
6500.0,593849711#2,1
6500.0,668037874,3
6520.0,263217604#0,27
6520.0,360843888,1
6520.0,593849711#2,1
6520.0,668037874,3
6540.0,1068440006#0,1
6540.0,263217604#0,27
6540.0,668037874,3
6560.0,263217604#0,27
6560.0,668037874,3
6580.0,263217604#0,27
6580.0,668037874,3
6600.0,263217604#0,27
6600.0,668037874,3
6620.0,263217604#0,27
6620.0,668037874,3
6640.0,263217604#0,27
6640.0,668037874,3
6660.0,263217604#0,27
6660.0,668037874,3
6680.0,263217604#0,27
6680.0,668037874,3
6700.0,263217604#0,27
6700.0,668037874,3
6720.0,196961377#0,1
6720.0,263217604#0,27
6720.0,668037874,3
6740.0,196961377#0,1
6740.0,263217604#0,27
6740.0,668037874,3
6760.0,196961377#3,1
6760.0,263217604#0,27
6760.0,668037874,3
6780.0,196961377#3,1
6780.0,263217604#0,27
6780.0,668037874,3
6800.0,-593849724,1
6800.0,263217604#0,27
6800.0,668037874,3
6820.0,-593847704#2,1
6820.0,263217604#0,27
6820.0,668037874,3
6840.0,-593847704#2,1
6840.0,263217604#0,26
6840.0,360843888,1
6840.0,668037874,3
6860.0,-593847704#2,1
6860.0,263217604#0,26
6860.0,668037874,3
6880.0,263217604#0,26
6880.0,668037874,3
6880.0,:3086736518_6,1
6900.0,263217604#0,26
6900.0,668037874,3
6920.0,263217604#0,26
6920.0,668037874,3
6940.0,263217604#0,26
6940.0,668037874,3
6960.0,263217604#0,26
6960.0,668037874,3
6980.0,263217604#0,26
6980.0,668037874,3
7000.0,263217604#0,26
7000.0,668037874,3
7020.0,263217604#0,26
7020.0,668037874,3
7040.0,196961377#0,1
7040.0,263217604#0,26
7040.0,668037874,3
7060.0,196961377#3,1
7060.0,263217604#0,26
7060.0,668037874,3
7080.0,263217604#0,26
7080.0,593849711#2,1
7080.0,668037874,3
7100.0,263217604#0,26
7100.0,593849711#2,1
7100.0,668037874,3
7120.0,263217604#0,26
7120.0,593849711#2,1
7120.0,668037874,3
7140.0,263217604#0,25
7140.0,593849711#2,1
7140.0,668037874,3
7160.0,1068440006#0,1
7160.0,263217604#0,25
7160.0,668037874,3
7180.0,263217604#0,25
7180.0,668037874,3
7200.0,263217604#0,25
7200.0,668037874,3
7220.0,263217604#0,25
7220.0,668037874,3
7240.0,263217604#0,25
7240.0,668037874,3
7260.0,263217604#0,25
7260.0,668037874,3
7280.0,263217604#0,25
7280.0,668037874,3
7300.0,263217604#0,25
7300.0,668037874,3
7320.0,263217604#0,25
7320.0,668037874,3
7340.0,196961377#0,1
7340.0,263217604#0,25
7340.0,668037874,3
7360.0,196961377#0,1
7360.0,263217604#0,25
7360.0,668037874,3
7380.0,196961377#3,1
7380.0,263217604#0,25
7380.0,668037874,3
7400.0,263217604#0,25
7400.0,593852346,1
7400.0,668037874,3
7420.0,263217604#0,25
7420.0,593849711#2,1
7420.0,668037874,3
7440.0,263217604#0,24
7440.0,360843888,1
7440.0,593849711#2,1
7440.0,668037874,3
7460.0,263217604#0,24
7460.0,593849711#2,1
7460.0,668037874,3
7480.0,1068440006#0,1
7480.0,263217604#0,24
7480.0,668037874,3
7500.0,263217604#0,24
7500.0,668037874,3
7520.0,263217604#0,24
7520.0,668037874,3
7540.0,263217604#0,24
7540.0,668037874,3
7560.0,263217604#0,24
7560.0,668037874,3
7580.0,263217604#0,24
7580.0,668037874,3
7600.0,263217604#0,24
7600.0,668037874,3
7620.0,263217604#0,24
7620.0,668037874,3
7640.0,196961377#0,1
7640.0,263217604#0,24
7640.0,668037874,3
7660.0,196961377#0,1
7660.0,263217604#0,24
7660.0,668037874,3
7680.0,196961377#3,1
7680.0,263217604#0,24
7680.0,668037874,3
7700.0,196961377#3,1
7700.0,263217604#0,24
7700.0,668037874,3
7720.0,-593849724,1
7720.0,263217604#0,24
7720.0,668037874,3
7740.0,263217604#0,23
7740.0,360843888,1
7740.0,668037874,3
7740.0,:3086736518_6,1
7760.0,260881642#0,1
7760.0,263217604#0,23
7760.0,668037874,3
7780.0,263217604#0,23
7780.0,668037874,3
7800.0,263217604#0,23
7800.0,668037874,3
7820.0,263217604#0,23
7820.0,668037874,3
7840.0,263217604#0,23
7840.0,668037874,3
7860.0,263217604#0,23
7860.0,668037874,3
7880.0,263217604#0,23
7880.0,668037874,3
7900.0,263217604#0,23
7900.0,668037874,3
7920.0,263217604#0,23
7920.0,668037874,3
7940.0,196961377#0,1
7940.0,263217604#0,23
7940.0,668037874,3
7960.0,196961377#0,1
7960.0,263217604#0,23
7960.0,668037874,3
7980.0,196961377#3,1
7980.0,263217604#0,23
7980.0,668037874,3
8000.0,263217604#0,23
8000.0,593852346,1
8000.0,668037874,3
8020.0,263217604#0,23
8020.0,593849711#2,1
8020.0,668037874,3
8040.0,263217604#0,23
8040.0,593849711#2,1
8040.0,668037874,3
8060.0,263217604#0,22
8060.0,593849711#2,1
8060.0,668037874,3
8060.0,:655375336_25,1
8080.0,1068440004#1,1
8080.0,263217604#0,22
8080.0,593849711#2,1
8080.0,668037874,3
8100.0,1068440004#1,1
8100.0,263217604#0,22
8100.0,593847703#0,1
8100.0,668037874,3
8120.0,263217604#0,22
8120.0,668037874,3
8120.0,:655375233_11,1
8120.0,:cluster_2528018119_655375236_21,1
8140.0,263217604#0,22
8140.0,668037874,3
8160.0,263217604#0,22
8160.0,668037874,3
8180.0,263217604#0,22
8180.0,668037874,3
8200.0,263217604#0,22
8200.0,668037874,3
8220.0,263217604#0,22
8220.0,668037874,3
8240.0,263217604#0,22
8240.0,668037874,3
8260.0,196961377#0,1
8260.0,263217604#0,22
8260.0,668037874,3
8280.0,263217604#0,22
8280.0,668037874,3
8280.0,:619136999_2,1
8300.0,196961377#3,1
8300.0,263217604#0,22
8300.0,668037874,3
8320.0,-593847704#2,1
8320.0,263217604#0,22
8320.0,668037874,3
8340.0,-593847704#2,1
8340.0,263217604#0,22
8340.0,668037874,3
8360.0,-593847704#2,1
8360.0,260881642#0,1
8360.0,263217604#0,21
8360.0,668037874,3
8380.0,263217604#0,21
8380.0,668037874,3
8380.0,E0,1
8400.0,263217604#0,20
8400.0,594658760#0,1
8400.0,668037874,3
8420.0,263217604#0,20
8420.0,594658760#0,1
8420.0,668037874,3
8440.0,263217604#0,20
8440.0,594658760#0,1
8440.0,668037874,3
8460.0,263217604#0,20
8460.0,594658760#0,1
8460.0,668037874,3
8480.0,1068440004#1,1
8480.0,263217604#0,20
8480.0,668037874,3
8500.0,1068440004#1,1
8500.0,263217604#0,20
8500.0,668037874,3
8520.0,263217604#0,20
8520.0,668037874,3
8540.0,263217604#0,20
8540.0,668037874,3
8560.0,196961377#0,1
8560.0,263217604#0,20
8560.0,668037874,3
8580.0,196961377#0,1
8580.0,263217604#0,20
8580.0,668037874,3
8600.0,196961377#3,1
8600.0,263217604#0,20
8600.0,668037874,3
8620.0,196961377#3,1
8620.0,263217604#0,20
8620.0,668037874,3
8640.0,-593849724,1
8640.0,263217604#0,20
8640.0,668037874,3
8660.0,-593847704#2,1
8660.0,263217604#0,20
8660.0,668037874,3
8680.0,-593847704#2,1
8680.0,263217604#0,20
8680.0,668037874,3
8700.0,263217604#0,19
8700.0,360843888,1
8700.0,668037874,3
8720.0,260881642#0,1
8720.0,263217604#0,19
8720.0,668037874,3
8740.0,263217604#0,19
8740.0,668037874,3
8760.0,263217604#0,19
8760.0,668037874,3
8780.0,263217604#0,19
8780.0,668037874,3
8800.0,263217604#0,19
8800.0,668037874,3
8820.0,263217604#0,19
8820.0,668037874,3
8840.0,263217604#0,19
8840.0,668037874,3
8860.0,196961377#0,1
8860.0,263217604#0,19
8860.0,668037874,3
8880.0,196961377#0,1
8880.0,263217604#0,19
8880.0,668037874,3
8900.0,196961377#3,1
8900.0,263217604#0,19
8900.0,668037874,3
8920.0,-593847704#2,1
8920.0,263217604#0,19
8920.0,668037874,3
8940.0,263217604#0,19
8940.0,668037874,3
8960.0,263217604#0,19
8960.0,668037874,3
8980.0,263217604#0,19
8980.0,668037874,3
9000.0,263217604#0,18
9000.0,360843888,1
9000.0,668037874,3
9020.0,263217604#0,18
9020.0,668037874,3
9040.0,263217604#0,18
9040.0,668037874,3
9060.0,263217604#0,18
9060.0,668037874,3
9080.0,263217604#0,18
9080.0,668037874,3
9100.0,263217604#0,18
9100.0,668037874,3
9120.0,263217604#0,18
9120.0,668037874,3
9140.0,263217604#0,18
9140.0,668037874,3
9160.0,196961377#0,1
9160.0,263217604#0,18
9160.0,668037874,2
9180.0,196961377#0,1
9180.0,263217604#0,18
9180.0,668037874,3
9200.0,196961377#3,1
9200.0,263217604#0,18
9200.0,668037874,3
9220.0,263217604#0,18
9220.0,668037874,3
9220.0,:622618197_1,1
9240.0,-593847704#2,1
9240.0,263217604#0,18
9240.0,668037874,3
9260.0,-593847704#2,1
9260.0,263217604#0,18
9260.0,668037874,3
9280.0,-593847704#2,1
9280.0,263217604#0,18
9280.0,668037874,3
9300.0,-593847704#2,1
9300.0,263217604#0,18
9300.0,668037874,3
9320.0,260881642#0,1
9320.0,263217604#0,17
9320.0,668037874,3
9320.0,E0,1
9340.0,263217604#0,17
9340.0,668037874,3
9360.0,263217604#0,17
9360.0,668037874,3
9380.0,263217604#0,17
9380.0,668037874,3
9400.0,263217604#0,17
9400.0,668037874,3
9420.0,263217604#0,17
9420.0,668037874,3
9440.0,263217604#0,17
9440.0,668037874,3
9460.0,263217604#0,17
9460.0,668037874,3
9480.0,196961377#0,1
9480.0,263217604#0,17
9480.0,668037874,3
9500.0,196961377#0,1
9500.0,263217604#0,17
9500.0,668037874,3
9520.0,196961377#3,1
9520.0,263217604#0,17
9520.0,668037874,3
9540.0,196961377#3,1
9540.0,263217604#0,17
9540.0,668037874,3
9560.0,263217604#0,17
9560.0,668037874,3
9560.0,:622618108_4,1
9580.0,-593847704#2,1
9580.0,263217604#0,17
9580.0,668037874,3
9600.0,-593847704#2,1
9600.0,263217604#0,17
9600.0,668037874,3
9620.0,263217604#0,16
9620.0,360843888,1
9620.0,668037874,3
9620.0,:3086736518_6,1
9640.0,263217604#0,16
9640.0,668037874,3
9660.0,263217604#0,16
9660.0,668037874,3
9680.0,263217604#0,16
9680.0,668037874,3
9700.0,263217604#0,16
9700.0,668037874,3
9720.0,263217604#0,16
9720.0,668037874,3
9740.0,263217604#0,16
9740.0,668037874,3
9760.0,263217604#0,16
9760.0,668037874,3
9780.0,196961377#0,1
9780.0,263217604#0,16
9780.0,668037874,3
9800.0,196961377#0,1
9800.0,263217604#0,16
9800.0,668037874,3
9820.0,196961377#3,1
9820.0,263217604#0,16
9820.0,668037874,3
9840.0,196961377#3,1
9840.0,263217604#0,16
9840.0,668037874,3
9860.0,196961377#3,1
9860.0,263217604#0,16
9860.0,668037874,3
9880.0,263217604#0,16
9880.0,593852346,1
9880.0,668037874,3
9900.0,263217604#0,16
9900.0,668037874,3
9900.0,:655375232_6,1
9920.0,263217604#0,15
9920.0,360843888,1
9920.0,668037874,3
9940.0,260881642#0,1
9940.0,263217604#0,15
9940.0,668037874,3
9960.0,263217604#0,15
9960.0,668037874,3
9980.0,263217604#0,15
9980.0,668037874,3
10000.0,263217604#0,15
10000.0,668037874,3
10020.0,263217604#0,15
10020.0,668037874,3
10040.0,263217604#0,15
10040.0,668037874,3
10060.0,263217604#0,15
10060.0,668037874,3
10080.0,196961377#0,1
10080.0,263217604#0,15
10080.0,668037874,3
10100.0,196961377#0,1
10100.0,263217604#0,15
10100.0,668037874,3
10120.0,196961377#3,1
10120.0,263217604#0,15
10120.0,668037874,3
10140.0,263217604#0,15
10140.0,668037874,3
10140.0,:622618197_1,1
10160.0,-593847704#2,1
10160.0,263217604#0,15
10160.0,668037874,3
10180.0,263217604#0,15
10180.0,593847703#0,1
10180.0,668037874,3
10200.0,263217604#0,15
10200.0,668037874,3
10200.0,:cluster_2528018119_655375236_0,1
10220.0,263217604#0,15
10220.0,668037874,3
10240.0,263217604#0,14
10240.0,668037874,3
10260.0,263217604#0,14
10260.0,668037874,3
10280.0,263217604#0,14
10280.0,668037874,3
10300.0,263217604#0,14
10300.0,668037874,3
10320.0,263217604#0,14
10320.0,668037874,3
10340.0,263217604#0,14
10340.0,668037874,3
10360.0,263217604#0,14
10360.0,668037874,3
10380.0,196961377#0,1
10380.0,263217604#0,14
10380.0,668037874,2
10400.0,196961377#0,1
10400.0,263217604#0,14
10400.0,668037874,3
10420.0,196961377#0,1
10420.0,263217604#0,14
10420.0,668037874,3
10440.0,196961377#3,1
10440.0,263217604#0,14
10440.0,668037874,3
10460.0,196961377#3,1
10460.0,263217604#0,14
10460.0,668037874,3
10480.0,-593847704#2,1
10480.0,263217604#0,14
10480.0,668037874,3
10500.0,-593847704#2,1
10500.0,263217604#0,14
10500.0,668037874,3
10520.0,-593847704#2,1
10520.0,263217604#0,14
10520.0,668037874,3
10540.0,-593847704#2,1
10540.0,260881642#0,1
10540.0,263217604#0,13
10540.0,668037874,3
10560.0,263217604#0,13
10560.0,668037874,3
10560.0,E0,1
10580.0,263217604#0,13
10580.0,668037874,3
10600.0,263217604#0,13
10600.0,668037874,3
10620.0,263217604#0,13
10620.0,668037874,3
10640.0,263217604#0,13
10640.0,668037874,3
10660.0,263217604#0,13
10660.0,668037874,3
10680.0,263217604#0,13
10680.0,668037874,3
10700.0,196961377#0,1
10700.0,263217604#0,13
10700.0,668037874,3
10720.0,196961377#0,1
10720.0,263217604#0,13
10720.0,668037874,3
10740.0,263217604#0,13
10740.0,668037874,3
10740.0,:622618197_1,1
10760.0,-593847704#2,1
10760.0,263217604#0,13
10760.0,668037874,3
10780.0,-593847704#2,1
10780.0,263217604#0,13
10780.0,668037874,3
10800.0,263217604#0,13
10800.0,668037874,3
10800.0,E0,1
10820.0,263217604#0,13
10820.0,668037874,3
10840.0,263217604#0,12
10840.0,360843888,1
10840.0,668037874,3
10860.0,260881642#0,1
10860.0,263217604#0,12
10860.0,668037874,3
10880.0,263217604#0,12
10880.0,668037874,3
10900.0,263217604#0,12
10900.0,668037874,3
10920.0,263217604#0,12
10920.0,668037874,3
10940.0,263217604#0,12
10940.0,668037874,3
10960.0,263217604#0,12
10960.0,668037874,3
10980.0,263217604#0,12
10980.0,668037874,3
11000.0,196961377#0,1
11000.0,263217604#0,12
11000.0,668037874,3
11020.0,196961377#3,1
11020.0,263217604#0,12
11020.0,668037874,3
11040.0,196961377#3,1
11040.0,263217604#0,12
11040.0,668037874,3
11060.0,-593849724,1
11060.0,263217604#0,12
11060.0,668037874,3
11080.0,-593847704#2,1
11080.0,263217604#0,12
11080.0,668037874,3
11100.0,263217604#0,12
11100.0,668037874,3
11100.0,:3086736518_6,1
11120.0,263217604#0,12
11120.0,668037874,3
11140.0,263217604#0,11
11140.0,360843888,1
11140.0,668037874,3
11160.0,263217604#0,11
11160.0,360843888,1
11160.0,668037874,3
11180.0,263217604#0,11
11180.0,668037874,3
11200.0,263217604#0,11
11200.0,668037874,3
11220.0,263217604#0,11
11220.0,668037874,3
11240.0,263217604#0,11
11240.0,668037874,3
11260.0,263217604#0,11
11260.0,668037874,3
11280.0,263217604#0,11
11280.0,668037874,3
11300.0,196961377#0,1
11300.0,263217604#0,11
11300.0,668037874,3
11320.0,196961377#3,1
11320.0,263217604#0,11
11320.0,668037874,3
11340.0,-593847704#2,1
11340.0,263217604#0,11
11340.0,668037874,3
11360.0,-593847704#2,1
11360.0,263217604#0,11
11360.0,668037874,3
11380.0,-593847704#2,1
11380.0,263217604#0,11
11380.0,668037874,3
11400.0,-593847704#2,1
11400.0,263217604#0,11
11400.0,668037874,3
11420.0,263217604#0,11
11420.0,668037874,3
11420.0,E0,1
11440.0,263217604#0,11
11440.0,668037874,3
11460.0,263217604#0,10
11460.0,668037874,3
11480.0,263217604#0,10
11480.0,668037874,3
11500.0,263217604#0,10
11500.0,668037874,3
11520.0,263217604#0,10
11520.0,668037874,3
11540.0,263217604#0,10
11540.0,668037874,3
11560.0,263217604#0,10
11560.0,668037874,3
11580.0,263217604#0,10
11580.0,668037874,3
11600.0,196961377#0,1
11600.0,263217604#0,10
11600.0,668037874,2
11620.0,196961377#3,1
11620.0,263217604#0,10
11620.0,668037874,3
11640.0,196961377#3,1
11640.0,263217604#0,10
11640.0,668037874,3
11660.0,263217604#0,10
11660.0,668037874,3
11660.0,:622618108_4,1
11680.0,-593847704#2,1
11680.0,263217604#0,10
11680.0,668037874,3
11700.0,-593847704#2,1
11700.0,263217604#0,10
11700.0,668037874,3
11720.0,-593847704#2,1
11720.0,263217604#0,10
11720.0,668037874,3
11740.0,263217604#0,10
11740.0,668037874,3
11760.0,263217604#0,9
11760.0,360843888,1
11760.0,668037874,3
11780.0,263217604#0,9
11780.0,668037874,3
11800.0,263217604#0,9
11800.0,668037874,3
11820.0,263217604#0,9
11820.0,668037874,3
11840.0,263217604#0,9
11840.0,668037874,3
11860.0,263217604#0,9
11860.0,668037874,3
11880.0,263217604#0,9
11880.0,668037874,3
11900.0,263217604#0,9
11900.0,668037874,3
11920.0,196961377#0,1
11920.0,263217604#0,9
11920.0,668037874,3
11940.0,196961377#3,1
11940.0,263217604#0,9
11940.0,668037874,3
11960.0,196961377#3,1
11960.0,263217604#0,9
11960.0,668037874,3
11980.0,263217604#0,9
11980.0,668037874,3
11980.0,:622618197_1,1
12000.0,-593847704#2,1
12000.0,263217604#0,9
12000.0,668037874,3
12020.0,-593847704#2,1
12020.0,263217604#0,9
12020.0,668037874,3
12040.0,263217604#0,9
12040.0,668037874,3
12040.0,:3086736518_6,1
12060.0,263217604#0,8
12060.0,360843888,1
12060.0,668037874,3
12080.0,260881642#0,1
12080.0,263217604#0,8
12080.0,668037874,3
12100.0,263217604#0,8
12100.0,668037874,3
12120.0,263217604#0,8
12120.0,668037874,3
12140.0,263217604#0,8
12140.0,668037874,3
12160.0,263217604#0,8
12160.0,668037874,3
12180.0,263217604#0,8
12180.0,668037874,3
12200.0,263217604#0,8
12200.0,668037874,3
12220.0,196961377#0,1
12220.0,263217604#0,8
12220.0,668037874,3
12240.0,196961377#3,1
12240.0,263217604#0,8
12240.0,668037874,3
12260.0,-593847704#2,1
12260.0,263217604#0,8
12260.0,668037874,3
12280.0,263217604#0,8
12280.0,668037874,3
12280.0,E0,1
12300.0,263217604#0,8
12300.0,668037874,3
12320.0,263217604#0,8
12320.0,668037874,3
12340.0,263217604#0,8
12340.0,668037874,3
12360.0,263217604#0,7
12360.0,360843888,1
12360.0,668037874,3
12380.0,263217604#0,7
12380.0,668037874,3
12400.0,263217604#0,7
12400.0,668037874,3
12420.0,263217604#0,7
12420.0,668037874,3
12440.0,263217604#0,7
12440.0,668037874,3
12460.0,263217604#0,7
12460.0,668037874,3
12480.0,263217604#0,7
12480.0,668037874,3
12500.0,263217604#0,7
12500.0,668037874,3
12520.0,196961377#0,1
12520.0,263217604#0,7
12520.0,668037874,3
12540.0,196961377#3,1
12540.0,263217604#0,7
12540.0,668037874,3
12560.0,196961377#3,1
12560.0,263217604#0,7
12560.0,668037874,3
12580.0,263217604#0,7
12580.0,668037874,3
12580.0,:622618108_4,1
12600.0,263217604#0,7
12600.0,668037874,3
12600.0,E0,1
12620.0,263217604#0,7
12620.0,668037874,3
12640.0,263217604#0,7
12640.0,668037874,3
12660.0,263217604#0,7
12660.0,668037874,3
12680.0,260881642#0,1
12680.0,263217604#0,6
12680.0,668037874,3
12700.0,263217604#0,6
12700.0,668037874,3
12720.0,263217604#0,6
12720.0,668037874,3
12740.0,263217604#0,6
12740.0,668037874,3
12760.0,263217604#0,6
12760.0,668037874,3
12780.0,263217604#0,6
12780.0,668037874,3
12800.0,263217604#0,6
12800.0,668037874,3
12820.0,196961377#0,1
12820.0,263217604#0,6
12820.0,668037874,2
12840.0,196961377#0,1
12840.0,263217604#0,6
12840.0,668037874,3
12860.0,196961377#3,1
12860.0,263217604#0,6
12860.0,668037874,3
12880.0,196961377#3,1
12880.0,263217604#0,6
12880.0,668037874,3
12900.0,263217604#0,6
12900.0,668037874,3
12900.0,:622618015_3,1
12920.0,241518668#0,1
12920.0,263217604#0,6
12920.0,668037874,3
12940.0,263217604#0,6
12940.0,51362429#0,1
12940.0,668037874,3
12960.0,263217604#0,6
12960.0,51362429#0,1
12960.0,668037874,3
12980.0,263217604#0,5
12980.0,360843888,1
12980.0,51362429#0,1
12980.0,668037874,3
13000.0,263217604#0,5
13000.0,668037874,3
13000.0,:655375232_1,1
13020.0,263217604#0,5
13020.0,668037874,3
13040.0,263217604#0,5
13040.0,668037874,3
13060.0,263217604#0,5
13060.0,668037874,3
13080.0,263217604#0,5
13080.0,668037874,3
13100.0,263217604#0,5
13100.0,668037874,3
13120.0,263217604#0,5
13120.0,668037874,3
13140.0,196961377#0,1
13140.0,263217604#0,5
13140.0,668037874,2
13160.0,196961377#3,1
13160.0,263217604#0,5
13160.0,668037874,2
13180.0,263217604#0,5
13180.0,593852346,1
13180.0,668037874,2
13200.0,263217604#0,5
13200.0,593849711#2,1
13200.0,668037874,2
13220.0,263217604#0,5
13220.0,593849711#2,1
13220.0,668037874,2
13240.0,263217604#0,5
13240.0,593849711#2,1
13240.0,668037874,2
13260.0,1068440006#0,1
13260.0,263217604#0,5
13260.0,668037874,2
13280.0,263217604#0,4
13280.0,360843888,1
13280.0,668037874,2
13300.0,260881642#0,1
13300.0,263217604#0,4
13300.0,668037874,2
13320.0,263217604#0,4
13320.0,668037874,2
13340.0,263217604#0,4
13340.0,668037874,2
13360.0,263217604#0,4
13360.0,668037874,2
13380.0,263217604#0,4
13380.0,668037874,2
13400.0,263217604#0,4
13400.0,668037874,2
13420.0,263217604#0,4
13420.0,668037874,2
13440.0,196961377#0,1
13440.0,263217604#0,4
13440.0,668037874,1
13460.0,196961377#3,1
13460.0,263217604#0,4
13460.0,668037874,1
13480.0,196961377#3,1
13480.0,263217604#0,4
13480.0,668037874,1
13500.0,-593849724,1
13500.0,263217604#0,4
13500.0,668037874,1
13520.0,-593847704#2,1
13520.0,263217604#0,4
13520.0,668037874,1
13540.0,263217604#0,4
13540.0,668037874,1
13560.0,263217604#0,4
13560.0,668037874,1
13580.0,263217604#0,4
13580.0,668037874,1
13600.0,263217604#0,3
13600.0,668037874,1
13620.0,263217604#0,3
13620.0,668037874,1
13640.0,263217604#0,3
13640.0,668037874,1
13660.0,263217604#0,3
13660.0,668037874,1
13680.0,263217604#0,3
13680.0,668037874,1
13700.0,263217604#0,3
13700.0,668037874,1
13720.0,263217604#0,3
13720.0,668037874,1
13740.0,196961377#0,1
13740.0,263217604#0,3
13760.0,263217604#0,3
13760.0,:619136999_2,1
13780.0,196961377#3,1
13780.0,263217604#0,3
13800.0,196961377#3,1
13800.0,263217604#0,3
13820.0,263217604#0,3
13820.0,:622618197_1,1
13840.0,-593847704#2,1
13840.0,263217604#0,3
13860.0,-593847704#2,1
13860.0,263217604#0,3
13880.0,-593847704#2,1
13880.0,263217604#0,3
13900.0,-593847704#2,1
13900.0,260881642#0,1
13900.0,263217604#0,2
13920.0,263217604#0,2
13920.0,E0,1
13940.0,263217604#0,2
13960.0,263217604#0,2
13980.0,263217604#0,2
14000.0,263217604#0,2
14020.0,263217604#0,2
14040.0,263217604#0,2
14060.0,263217604#0,2
14080.0,263217604#0,2
14100.0,263217604#0,2
14120.0,263217604#0,2
14140.0,263217604#0,2
14160.0,263217604#0,2
14180.0,263217604#0,2
14200.0,263217604#0,1
14200.0,360843888,1
14220.0,263217604#0,1
14240.0,263217604#0,1
14260.0,263217604#0,1
14280.0,263217604#0,1
14300.0,263217604#0,1
14320.0,263217604#0,1
14340.0,263217604#0,1
14360.0,263217604#0,1
14380.0,263217604#0,1
14400.0,263217604#0,1
14420.0,263217604#0,1
14440.0,263217604#0,1
14460.0,263217604#0,1
14480.0,263217604#0,1
14500.0,360843888,1
