time,edge_id,vehicle_count
60.0,-1334905223#2,2
60.0,-260882327,1
60.0,-49695726,4
60.0,-51362430,2
60.0,-545977624#2,4
60.0,-593847703#3,3
60.0,-593847704#2,1
60.0,-594658757#2,1
60.0,1068234498#0,7
60.0,1068234499#0,5
60.0,1068440001,1
60.0,1068440006#0,4
60.0,1239087513,1
60.0,182336886,1
60.0,196961215#0,4
60.0,196961215#2,2
60.0,196961377#0,15
60.0,196961377#3,2
60.0,196961379#0,1
60.0,232003903#0,3
60.0,241518668#0,1
60.0,244450512#0,1
60.0,244450512#5,2
60.0,268564473#0,4
60.0,288878926#0,1
60.0,30620492#0,3
60.0,30620492#1,4
60.0,314800955,1
60.0,336063376#0,3
60.0,353392316#0,2
60.0,48794887#0,8
60.0,49073272#0,1
60.0,49073272#4,1
60.0,49073274,1
60.0,49695726,2
60.0,49695733#2,2
60.0,506322840#0,2
60.0,506322841#1,4
60.0,506322851#0,6
60.0,51362359#0,1
60.0,51362429#0,2
60.0,51362431,3
60.0,51392936#0,1
60.0,593842812#0,1
60.0,593842812#2,7
60.0,593847702#3,1
60.0,593847703#0,5
60.0,593849711#0,2
60.0,593849711#2,4
60.0,593849715,1
60.0,593852345#0,7
60.0,593852346,2
60.0,594658762#0,3
60.0,:2749340167_0,1
60.0,:3086736518_1,1
60.0,:619136999_2,1
60.0,:622618230_6,1
60.0,:655375232_6,1
60.0,:655375233_0,1
60.0,:655375336_38,1
60.0,:656132498_0,1
60.0,:cluster_3208478133_655375293_655375296_9631728504_#1more_11,1
60.0,:cluster_4374470814_4374470816_656132411_656132475_6,1
60.0,:cluster_623980147_623980152_14,1
60.0,:cluster_623980147_623980152_6,1
80.0,-260882327,1
80.0,-49695726,5
80.0,-51362430,1
80.0,-545977624#2,4
80.0,-593847703#3,3
80.0,-593847704#2,4
80.0,-594658757#2,1
80.0,1068234498#0,5
80.0,1068234499#0,5
80.0,1068440001,2
80.0,1068440004#1,1
80.0,1068440006#0,4
80.0,1239087513,1
80.0,182334379#0,2
80.0,196961215#0,11
80.0,196961377#0,12
80.0,196961377#3,6
80.0,196961378#1,5
80.0,196961379#0,1
80.0,232003903#0,2
80.0,241518668#0,2
80.0,244450512#5,2
80.0,259080307#0,1
80.0,263217603#0,1
80.0,268564473#0,3
80.0,288135626#0,5
80.0,288878926#0,2
80.0,288878927,2
80.0,30620492#0,1
80.0,30620492#1,2
80.0,353392316#0,2
80.0,420578931#1,1
80.0,484988952#0,1
80.0,48794887#0,10
80.0,49073272#4,3
80.0,49695726,3
80.0,49695733#2,3
80.0,506322840#0,2
80.0,506322841#1,4
80.0,506322841#4,1
80.0,506322851#0,5
80.0,51289045#3,3
80.0,51289045#5,1
80.0,51362429#0,4
80.0,51362431,5
80.0,51392936#0,1
80.0,593842812#0,1
80.0,593842812#2,9
80.0,593844216#0,1
80.0,593844221#0,1
80.0,593847703#0,10
80.0,593849711#2,1
80.0,593849718#0,2
80.0,593852345#0,2
80.0,593852346,1
80.0,594658762#0,2
80.0,:11510670762_0,1
80.0,:2749340167_2,1
80.0,:619136999_2,1
80.0,:622618108_0,1
80.0,:622618112_0,1
80.0,:622618197_6,1
80.0,:655375240_7,1
80.0,:cluster_3208478133_655375293_655375296_9631728504_#1more_1,4
80.0,:cluster_4374470814_4374470816_656132411_656132475_4,1
80.0,:cluster_5372642442_631668976_631668981_631669076_1,1
80.0,:cluster_5372642442_631668976_631668981_631669076_12,2
80.0,:cluster_5372642442_631668976_631668981_631669076_26,1
80.0,:cluster_623980090_623980094_5,1
80.0,:cluster_623980147_623980152_3,1
80.0,:cluster_9383263990_9383263991_9383263992_9383263993_10,2
80.0,:cluster_9383263990_9383263991_9383263992_9383263993_21,1
100.0,-260882327,1
100.0,-49695726,5
100.0,-51362430,2
100.0,-545977624#2,3
100.0,-593847703#3,2
100.0,-593847704#2,7
100.0,-594658757#2,1
100.0,1068234498#0,3
100.0,1068234499#0,4
100.0,1068440001,5
100.0,1068440004#1,1
100.0,1068440006#0,4
100.0,1239087513,1
100.0,182334378#0,3
100.0,182334379#0,4
100.0,182336886,1
100.0,182336887#2,1
100.0,196961215#0,11
100.0,196961215#2,2
100.0,196961377#0,10
100.0,196961377#3,6
100.0,196961379#0,1
100.0,232003903#0,2
100.0,241518668#0,1
100.0,244450512#1,1
100.0,244450512#4,1
100.0,244450512#5,2
100.0,268564473#0,1
100.0,288135626#0,6
100.0,30620492#0,4
100.0,30620492#1,1
100.0,314800955,1
100.0,353392316#0,2
100.0,48794887#0,7
100.0,49073272#4,3
100.0,49073274,1
100.0,49695726,3
100.0,49695733#2,2
100.0,49695736#0,3
100.0,506322841#1,4
100.0,506322851#0,5
100.0,506322851#2,1
100.0,506322853#0,1
100.0,51289045#3,1
100.0,51362429#0,5
100.0,51362431,5
100.0,593842812#0,1
100.0,593842812#2,1
100.0,593844221#0,1
100.0,593847702#0,2
100.0,593847703#0,10
100.0,593847704#0,2
100.0,593849711#0,1
100.0,593849711#2,4
100.0,593849718#0,2
100.0,593849721,1
100.0,593852345#0,4
100.0,593852346,1
100.0,594658762#0,2
100.0,:11510670762_0,1
100.0,:2749340167_0,1
100.0,:3208478121_1,1
100.0,:619136999_2,2
100.0,:622618197_6,1
100.0,:655375336_29,4
100.0,:655375336_48,1
100.0,:656132498_0,1
100.0,:cluster_2528018119_655375236_16,1
100.0,:cluster_2528018119_655375236_23,1
100.0,:cluster_2528018119_655375236_7,1
100.0,:cluster_3208478133_655375293_655375296_9631728504_#1more_1,1
100.0,:cluster_4374470814_4374470816_656132411_656132475_6,1
100.0,:cluster_5372642442_631668976_631668981_631669076_12,1
100.0,:cluster_623980090_623980094_1,2
100.0,:cluster_623980147_623980152_6,1
120.0,-260882327,1
120.0,-49695726,4
120.0,-51362430,3
120.0,-545977624#2,5
120.0,-593847703#3,6
120.0,-593847704#2,6
120.0,-594658757#2,1
120.0,1068234498#0,9
120.0,1068234499#0,3
120.0,1068440001,5
120.0,1068440006#0,4
120.0,1239087513,1
120.0,182334378#0,8
120.0,182334379#0,6
120.0,196961215#0,8
120.0,196961215#2,3
120.0,196961377#0,17
120.0,196961377#3,8
120.0,232003903#0,2
120.0,241518668#0,7
120.0,244450512#4,1
120.0,244450512#5,2
120.0,268564473#0,3
120.0,288878926#0,3
120.0,30620492#0,3
120.0,30620492#1,4
120.0,484988952#0,1
120.0,48794887#0,8
120.0,49073272#4,3
120.0,49695726,3
120.0,49695733#0,1
120.0,49695733#2,2
120.0,49695736#0,2
120.0,506322840#0,1
120.0,506322841#1,3
120.0,506322841#3,1
120.0,506322851#0,6
120.0,506322853#0,1
120.0,51362429#0,7
120.0,51362431,6
120.0,51392936#0,1
120.0,593842812#0,1
120.0,593842812#2,1
120.0,593847703#0,11
120.0,593849711#0,1
120.0,593849711#2,7
120.0,593852345#0,7
120.0,593852346,1
120.0,594658762#0,2
120.0,:11510670762_0,1
120.0,:2081945236_2,1
120.0,:3208478121_1,1
120.0,:3208478128_0,1
120.0,:622618230_0,1
120.0,:631668826_0,1
120.0,:655375233_0,2
120.0,:655375245_0,1
120.0,:655375336_29,2
120.0,:656132498_0,1
120.0,:cluster_2528018119_655375236_16,1
120.0,:cluster_2528018119_655375236_6,1
120.0,:cluster_3208478133_655375293_655375296_9631728504_#1more_1,2
120.0,:cluster_619136929_619136942_8,1
120.0,:cluster_623980090_623980094_1,1
120.0,:cluster_623980147_623980152_14,1
140.0,-1334905223#2,1
140.0,-260882327,1
140.0,-49073264#1,1
140.0,-49695726,5
140.0,-51362430,4
140.0,-545977624#2,8
140.0,-593847703#3,10
140.0,-593847704#2,3
140.0,-594658757#2,2
140.0,1068234498#0,3
140.0,1068234499#0,2
140.0,1068440001,5
140.0,1239087513,1
140.0,1334904386#0,3
140.0,182334378#0,8
140.0,182334379#0,4
140.0,182336886,1
140.0,182336887#2,1
140.0,196961215#0,13
140.0,196961215#2,5
140.0,196961377#0,22
140.0,196961377#3,10
140.0,196961378#1,1
140.0,232003903#0,2
140.0,241518668#0,1
140.0,244450512#0,1
140.0,268564473#0,3
140.0,288135626#0,5
140.0,288878926#0,1
140.0,288878927,1
140.0,30620492#0,3
140.0,30620492#1,3
140.0,314800955,1
140.0,336063376#0,2
140.0,353392316#0,4
140.0,420578931#0,1
140.0,48794887#0,10
140.0,49073272#1,1
140.0,49073272#4,1
140.0,49695726,3
140.0,49695733#2,2
140.0,506322840#0,1
140.0,506322841#1,4
140.0,506322851#0,4
140.0,506322853#0,1
140.0,51289045#3,1
140.0,51362429#0,9
140.0,51362431,7
140.0,51392846#0,1
140.0,51392936#0,1
140.0,593842812#0,1
140.0,593842812#2,3
140.0,593844221#0,1
140.0,593847703#0,17
140.0,593849711#0,3
140.0,593849711#2,9
140.0,593852345#0,7
140.0,593852346,1
140.0,594658762#0,2
140.0,:11510670762_0,1
140.0,:2444664370_0,1
140.0,:2749340167_0,1
140.0,:622618108_1,1
140.0,:cluster_2664674491_655375287_655375288_3,1
140.0,:cluster_3431431575_4777363357_655375231_6982059025_12,1
140.0,:cluster_4374470814_4374470816_656132411_656132475_6,1
140.0,:cluster_5372642442_631668976_631668981_631669076_12,2
140.0,:cluster_623980090_623980094_5,2
140.0,:cluster_623980147_623980152_3,1
140.0,:cluster_9383263990_9383263991_9383263992_9383263993_10,1
140.0,:cluster_9383263990_9383263991_9383263992_9383263993_21,1
160.0,-1334905223#2,1
160.0,-260882327,1
160.0,-49073264#1,1
160.0,-49695726,5
160.0,-545977624#2,5
160.0,-593847703#3,10
160.0,-593847704#2,5
160.0,-594658757#2,2
160.0,1068234498#0,3
160.0,1068234499#0,9
160.0,1068440001,4
160.0,1068440006#0,1
160.0,182334378#0,8
160.0,182334379#0,5
160.0,182336886,1
160.0,196961215#0,19
160.0,196961215#2,3
160.0,196961377#0,25
160.0,196961377#3,10
160.0,196961378#1,3
160.0,196961379#0,1
160.0,232003903#0,2
160.0,241518668#0,1
160.0,244450512#1,1
160.0,244450512#5,1
160.0,268564473#0,1
160.0,288135626#0,5
160.0,303647015#0,2
160.0,30620492#0,3
160.0,353392316#0,4
160.0,48794887#0,8
160.0,49073272#0,1
160.0,49073272#3,1
160.0,49073272#4,2
160.0,49695726,3
160.0,49695733#2,2
160.0,506322840#0,2
160.0,506322841#1,2
160.0,506322841#4,1
160.0,506322851#0,6
160.0,506322853#0,2
160.0,51289045#3,1
160.0,51362359#0,1
160.0,51362429#0,6
160.0,51362431,8
160.0,593842812#0,1
160.0,593842812#2,10
160.0,593844221#0,2
160.0,593847702#3,1
160.0,593847703#0,10
160.0,593849711#2,13
160.0,593849715,1
160.0,593849721,1
160.0,593852345#0,2
160.0,593852346,1
160.0,594658762#0,2
160.0,:11510670762_0,1
160.0,:1926948273_0,1
160.0,:2081945236_1,1
160.0,:2444664370_0,1
160.0,:3086736518_0,1
160.0,:622618108_1,1
160.0,:655375232_1,1
160.0,:656132414_2,1
160.0,:cluster_2528018119_655375236_2,2
160.0,:cluster_3208478133_655375293_655375296_9631728504_#1more_8,5
160.0,:cluster_4374470814_4374470816_656132411_656132475_6,1
160.0,:cluster_4374470814_4374470816_656132411_656132475_8,1
160.0,:cluster_623980090_623980094_1,1
160.0,:cluster_623980147_623980152_6,1
160.0,:cluster_655375246_655375489_3,1
180.0,-260882327,1
180.0,-49695726,4
180.0,-545977624#2,3
180.0,-593847703#3,10
180.0,-593847704#2,8
180.0,-594658757#2,2
180.0,1068234498#0,9
180.0,1068234499#0,9
180.0,1068440001,6
180.0,1068440006#0,2
180.0,182334378#0,8
180.0,182334379#0,12
180.0,182336886,1
180.0,196961215#0,15
180.0,196961215#2,4
180.0,196961377#0,26
180.0,196961377#3,11
180.0,196961379#0,1
180.0,232003903#0,2
180.0,241518668#0,3
180.0,244450512#1,1
180.0,244450512#5,2
180.0,260881642#0,1
180.0,268564473#0,3
180.0,288135626#0,5
180.0,288135628#0,2
180.0,288878926#0,3
180.0,30620492#0,4
180.0,30620492#1,2
180.0,314800955,1
180.0,336063376#0,2
180.0,48794887#0,10
180.0,49073272#0,1
180.0,49073272#3,3
180.0,49073272#4,3
180.0,49073274,1
180.0,49695726,3
180.0,49695733#2,3
180.0,506322840#0,1
180.0,506322841#1,4
180.0,506322851#0,5
180.0,506322853#0,2
180.0,51362429#0,4
180.0,51362431,9
180.0,51392936#0,1
180.0,593842812#0,4
180.0,593842812#2,14
180.0,593844221#0,2
180.0,593847702#3,1
180.0,593847703#0,3
180.0,593849711#0,2
180.0,593849711#2,14
180.0,593849715,1
180.0,593852345#0,5
180.0,593852346,1
180.0,594658762#0,2
180.0,906806086#0,1
180.0,:11510670762_0,1
180.0,:2444664370_0,1
180.0,:3086736518_0,1
180.0,:655375232_0,1
180.0,:655375232_1,1
180.0,:655375240_10,1
180.0,:cluster_2528018119_655375236_2,2
180.0,:cluster_3208478133_655375293_655375296_9631728504_#1more_8,5
180.0,:cluster_3431431575_4777363357_655375231_6982059025_3,1
180.0,:cluster_4374470814_4374470816_656132411_656132475_6,1
180.0,:cluster_623980090_623980094_1,1
180.0,:cluster_623980147_623980152_14,1
180.0,E0,6
200.0,-1334905223#2,2
200.0,-260882327,1
200.0,-49695726,4
200.0,-545977624#2,5
200.0,-593847703#3,10
200.0,-593847704#2,8
200.0,-594658757#2,2
200.0,1068234498#0,7
200.0,1068234499#0,9
200.0,1068440001,6
200.0,1068440006#0,6
200.0,182334378#0,8
200.0,182334379#0,4
200.0,182336886,1
200.0,196961215#0,12
200.0,196961215#2,3
200.0,196961377#0,27
200.0,196961377#3,11
200.0,196961379#0,1
200.0,232003903#0,2
200.0,241518668#0,2
200.0,244450512#0,1
200.0,244450512#1,1
200.0,244450512#4,1
200.0,244450512#5,2
200.0,268564473#0,5
200.0,288135626#0,9
200.0,288135628#0,10
200.0,288878926#0,4
200.0,30620492#0,6
200.0,30620492#1,4
200.0,336063376#0,2
200.0,353392316#0,3
200.0,48794887#0,11
200.0,49073272#1,2
200.0,49073272#4,3
200.0,49695726,2
200.0,49695733#2,2
200.0,506322841#1,4
200.0,506322851#0,6
200.0,506322853#0,2
200.0,51289045#3,1
200.0,51362429#0,3
200.0,51362431,9
200.0,51392936#0,1
200.0,593842812#0,7
200.0,593842812#2,14
200.0,593844221#0,2
200.0,593847702#3,1
200.0,593847703#0,1
200.0,593849711#0,3
200.0,593849711#2,14
200.0,593849715,1
200.0,593852345#0,7
200.0,593852346,1
200.0,594658762#0,2
200.0,:11510670762_0,1
200.0,:2444664370_0,1
200.0,:3086736518_0,1
200.0,:622618112_0,1
200.0,:655375232_1,1
200.0,:cluster_3208478133_655375293_655375296_9631728504_#1more_8,5
200.0,:cluster_4374470814_4374470816_656132411_656132475_6,1
200.0,:cluster_5372642442_631668976_631668981_631669076_1,3
200.0,:cluster_5372642442_631668976_631668981_631669076_12,2
200.0,:cluster_623980090_623980094_1,2
200.0,:cluster_623980147_623980152_6,1
200.0,:cluster_9383263990_9383263991_9383263992_9383263993_10,1
200.0,E0,9
220.0,-260882327,1
220.0,-49073264#1,1
220.0,-49695726,4
220.0,-51362430,1
220.0,-545977624#2,9
220.0,-593847703#3,12
220.0,-593847704#2,10
220.0,-594658757#2,6
220.0,1068234498#0,8
220.0,1068234499#0,4
220.0,1068440001,6
220.0,1068440006#0,8
220.0,182334378#0,11
220.0,182336886,1
220.0,196961215#0,14
220.0,196961215#2,5
220.0,196961377#0,27
220.0,196961377#3,10
220.0,196961378#1,3
220.0,196961379#0,1
220.0,232003903#0,2
220.0,241518668#0,8
220.0,244450512#4,2
220.0,244450512#5,2
220.0,260881642#0,1
220.0,263217603#0,1
220.0,268564473#0,4
220.0,288135626#0,15
220.0,288135628#0,1
220.0,288878926#0,2
220.0,288878927,1
220.0,30620492#0,4
220.0,30620492#1,3
220.0,314800955,1
220.0,353392316#0,3
220.0,48794887#0,9
220.0,49073272#0,1
220.0,49073272#3,1
220.0,49073272#4,6
220.0,49695726,3
220.0,49695733#2,2
220.0,506322840#0,2
220.0,506322841#1,4
220.0,506322841#3,1
220.0,506322851#0,6
220.0,506322853#0,3
220.0,51289045#3,1
220.0,51362429#0,2
220.0,51362431,10
220.0,593842812#0,9
220.0,593842812#2,14
220.0,593844221#0,2
220.0,593847703#0,2
220.0,593849711#0,3
220.0,593849711#2,13
220.0,593849721,1
220.0,593852345#0,6
220.0,593852346,1
220.0,594658762#0,1
220.0,:11510670762_0,1
220.0,:2444664370_0,1
220.0,:2749340167_0,1
220.0,:3208478128_0,1
220.0,:3431431576_0,1
220.0,:619137000_1,1
220.0,:622618108_1,1
220.0,:622618197_6,1
220.0,:622618230_6,1
220.0,:655375232_6,1
220.0,:655375233_0,1
220.0,:655375241_0,1
220.0,:cluster_2528018119_655375236_6,1
220.0,:cluster_3208478133_655375293_655375296_9631728504_#1more_8,5
220.0,:cluster_623980090_623980094_5,1
220.0,:cluster_623980147_623980152_3,1
220.0,:cluster_9383263990_9383263991_9383263992_9383263993_10,2
220.0,E0,9
240.0,-1334905223#2,2
240.0,-260882327,1
240.0,-49073264#1,1
240.0,-49695726,3
240.0,-51362430,1
240.0,-545977624#2,14
240.0,-593847703#3,8
240.0,-593847704#2,12
240.0,-594658757#2,6
240.0,1068234498#0,12
240.0,1068234499#0,9
240.0,1068440001,7
240.0,1068440006#0,8
240.0,182334378#0,13
240.0,182336886,1
240.0,196961215#0,19
240.0,196961215#2,4
240.0,196961377#0,26
240.0,196961377#3,3
240.0,196961378#1,2
240.0,196961379#0,1
240.0,232003903#0,2
240.0,241518668#0,1
240.0,244450512#0,1
240.0,244450512#4,1
240.0,244450512#5,2
240.0,268564473#0,1
240.0,288135626#0,6
240.0,288135628#0,2
240.0,30620492#0,3
240.0,30620492#1,2
240.0,336063376#0,3
240.0,48794887#0,10
240.0,49073272#1,3
240.0,49073272#4,8
240.0,49695726,3
240.0,49695733#2,2
240.0,506322840#0,3
240.0,506322841#1,4
240.0,506322851#0,5
240.0,506322853#0,3
240.0,51362429#0,5
240.0,51362431,10
240.0,51392936#0,1
240.0,593842812#0,9
240.0,593842812#2,14
240.0,593844221#0,2
240.0,593847702#0,4
240.0,593847703#0,5
240.0,593847704#0,2
240.0,593849711#0,4
240.0,593849711#2,14
240.0,593849718#0,3
240.0,593852345#0,3
240.0,593852346,3
240.0,594658762#0,2
240.0,:11510670762_0,1
240.0,:2444664370_0,2
240.0,:3208478128_0,2
240.0,:619136999_2,1
240.0,:622618197_0,1
240.0,:655375233_4,1
240.0,:655375245_0,1
240.0,:cluster_3208478133_655375293_655375296_9631728504_#1more_8,5
240.0,:cluster_3431431575_4777363357_655375231_6982059025_3,1
240.0,:cluster_623980090_623980094_1,1
240.0,:cluster_623980147_623980152_6,1
240.0,:cluster_623980147_623980152_9,1
240.0,:cluster_9383263990_9383263991_9383263992_9383263993_10,2
240.0,:cluster_9383263990_9383263991_9383263992_9383263993_21,1
240.0,E0,9
260.0,-260882327,1
260.0,-49073264#1,2
260.0,-49695726,5
260.0,-51362430,1
260.0,-545977624#2,18
260.0,-593847704#2,13
260.0,-594658757#2,6
260.0,1068234498#0,10
260.0,1068234499#0,9
260.0,1068440001,7
260.0,1068440006#0,8
260.0,182334378#0,13
260.0,182334379#0,3
260.0,182336886,1
260.0,182336887#0,1
260.0,196961215#0,20
260.0,196961215#2,1
260.0,196961377#0,17
260.0,196961377#3,6
260.0,196961378#1,2
260.0,232003903#0,3
260.0,241518668#0,3
260.0,244450512#0,2
260.0,244450512#4,1
260.0,244450512#5,2
260.0,260881642#0,1
260.0,263217603#0,1
260.0,268564473#0,3
260.0,288135626#0,11
260.0,288878926#0,4
260.0,30620492#0,3
260.0,30620492#1,1
260.0,353392316#0,1
260.0,484988952#0,1
260.0,48794887#0,8
260.0,49073272#1,1
260.0,49073272#3,1
260.0,49073272#4,9
260.0,49695726,2
260.0,49695733#2,2
260.0,506322840#0,3
260.0,506322841#1,4
260.0,506322841#3,1
260.0,506322851#0,6
260.0,506322853#0,3
260.0,51289045#3,1
260.0,51362359#0,1
260.0,51362429#0,7
260.0,51362431,10
260.0,51392936#0,1
260.0,593842812#0,9
260.0,593842812#2,14
260.0,593844221#0,2
260.0,593847702#0,2
260.0,593847703#0,1
260.0,593847704#0,4
260.0,593849711#0,4
260.0,593849711#2,17
260.0,593849718#0,3
260.0,593852345#0,2
260.0,593852346,1
260.0,594658762#0,2
260.0,:11510670762_0,1
260.0,:2444664370_0,1
260.0,:3208478128_0,2
260.0,:619136999_2,1
260.0,:622618108_1,1
260.0,:631668826_0,1
260.0,:655375241_0,1
260.0,:655375245_0,1
260.0,:655375336_38,1
260.0,:656132476_1,1
260.0,:cluster_2528018119_655375236_2,1
260.0,:cluster_3208478133_655375293_655375296_9631728504_#1more_11,1
260.0,:cluster_3208478133_655375293_655375296_9631728504_#1more_14,1
260.0,:cluster_3208478133_655375293_655375296_9631728504_#1more_8,5
260.0,:cluster_5372642442_631668976_631668981_631669076_12,2
260.0,:cluster_619136929_619136942_8,1
260.0,:cluster_623980090_623980094_1,2
260.0,:cluster_9383263990_9383263991_9383263992_9383263993_10,1
260.0,:cluster_9383263990_9383263991_9383263992_9383263993_21,1
260.0,E0,9
280.0,-1334905223#2,3
280.0,-260882327,1
280.0,-49073264#1,2
280.0,-49695726,5
280.0,-51362430,3
280.0,-545977624#2,18
280.0,-593847704#2,16
280.0,-594658757#2,6
280.0,-E0,2
280.0,1068234498#0,11
280.0,1068234499#0,7
280.0,1068440001,7
280.0,1068440004#1,3
280.0,1068440006#0,8
280.0,182334378#0,7
280.0,182336886,1
280.0,196961215#0,23
280.0,196961215#2,3
280.0,196961377#0,12
280.0,196961377#3,9
280.0,232003903#0,3
280.0,241518668#0,2
280.0,244450512#0,2
280.0,244450512#4,1
280.0,244450512#5,2
280.0,268564473#0,2
280.0,288135626#0,18
280.0,288135628#0,4
280.0,30620492#0,3
280.0,30620492#1,4
280.0,336063376#0,2
280.0,353392316#0,8
280.0,48794887#0,9
280.0,49073272#0,1
280.0,49073272#4,4
280.0,49695726,3
280.0,49695733#2,3
280.0,506322841#1,4
280.0,506322851#0,4
280.0,506322853#0,3
280.0,51289045#3,1
280.0,51362429#0,9
280.0,51362431,10
280.0,593842812#0,9
280.0,593842812#2,14
280.0,593844221#0,2
280.0,593847702#0,2
280.0,593847703#0,1
280.0,593847704#0,3
280.0,593849711#0,4
280.0,593849711#2,19
280.0,593849718#0,1
280.0,593849721,1
280.0,593852345#0,4
280.0,593852346,1
280.0,594658762#0,2
280.0,:11510670762_0,1
280.0,:2444664370_0,1
280.0,:3208478128_0,2
280.0,:619136999_2,1
280.0,:622618108_1,1
280.0,:622618108_6,1
280.0,:655375245_0,1
280.0,:656132476_1,1
280.0,:cluster_2528018119_655375236_7,2
280.0,:cluster_3208478133_655375293_655375296_9631728504_#1more_11,2
280.0,:cluster_3208478133_655375293_655375296_9631728504_#1more_14,1
280.0,:cluster_3208478133_655375293_655375296_9631728504_#1more_8,5
280.0,:cluster_3431431575_4777363357_655375231_6982059025_3,1
280.0,:cluster_619136929_619136942_8,1
280.0,:cluster_623980090_623980094_5,1
280.0,:cluster_623980147_623980152_6,2
280.0,E0,9
300.0,-260882327,1
300.0,-49073264#1,2
300.0,-49695726,4
300.0,-51362430,3
300.0,-545977624#2,18
300.0,-593847703#3,5
300.0,-593847704#2,11
300.0,-594658757#2,8
300.0,-E0,2
300.0,1068234498#0,16
300.0,1068234499#0,5
300.0,1068440001,6
300.0,1068440004#1,3
300.0,1068440006#0,8
300.0,1239087513,1
300.0,1334904386#0,1
300.0,182334378#0,11
300.0,182336886,1
300.0,196961215#0,24
300.0,196961215#2,4
300.0,196961377#0,18
300.0,196961377#3,11
300.0,232003903#0,4
300.0,241518668#0,1
300.0,244450512#0,2
300.0,244450512#4,1
300.0,244450512#5,2
300.0,263217603#0,1
300.0,268564473#0,2
300.0,288135626#0,12
300.0,288135628#0,1
300.0,288878926#0,2
300.0,300077497#0,1
300.0,30620492#0,4
300.0,30620492#1,2
300.0,353392316#0,9
300.0,420578931#1,1
300.0,484988952#0,1
300.0,48794887#0,9
300.0,49073272#1,1
300.0,49073272#3,1
300.0,49073272#4,2
300.0,49695726,3
300.0,49695733#2,2
300.0,506322840#0,3
300.0,506322841#1,4
300.0,506322851#0,5
300.0,506322853#0,3
300.0,51362429#0,9
300.0,51362431,10
300.0,51392936#0,1
300.0,593842812#0,9
300.0,593842812#2,14
300.0,593844216#0,1
300.0,593847703#0,7
300.0,593849711#0,3
300.0,593849711#2,20
300.0,593852345#0,3
300.0,593852346,1
300.0,594658762#0,1
300.0,:11510670762_0,1
300.0,:2444664370_0,1
300.0,:3086736518_7,1
300.0,:3208478128_0,2
300.0,:655375233_0,2
300.0,:655375241_0,1
300.0,:655375245_0,1
300.0,:655375336_28,1
300.0,:656132476_1,1
300.0,:cluster_2528018119_655375236_6,1
300.0,:cluster_3208478133_655375293_655375296_9631728504_#1more_11,1
300.0,:cluster_3208478133_655375293_655375296_9631728504_#1more_14,1
300.0,:cluster_3208478133_655375293_655375296_9631728504_#1more_8,2
300.0,:cluster_5372642442_631668976_631668981_631669076_10,1
300.0,:cluster_5372642442_631668976_631668981_631669076_25,1
300.0,:cluster_623980090_623980094_1,2
300.0,:cluster_623980147_623980152_3,2
300.0,:cluster_9383263990_9383263991_9383263992_9383263993_10,2
300.0,:cluster_9383263990_9383263991_9383263992_9383263993_21,1
300.0,E0,9
320.0,-1334905223#2,2
320.0,-260882327,1
320.0,-49695726,4
320.0,-51362430,4
320.0,-545977624#2,18
320.0,-593847703#3,11
320.0,-593847704#2,3
320.0,-594658757#2,10
320.0,-E0,2
320.0,1068234498#0,9
320.0,1068234499#0,5
320.0,1068440001,6
320.0,1068440004#1,3
320.0,1068440006#0,8
320.0,1239087513,1
320.0,182334378#0,12
320.0,182334379#0,1
320.0,182336886,1
320.0,196961215#0,21
320.0,196961215#2,4
320.0,196961377#0,25
320.0,196961377#3,11
320.0,198001764#0,1
320.0,232003903#0,4
320.0,241518668#0,3
320.0,244450512#0,2
320.0,244450512#4,1
320.0,244450512#5,2
320.0,288135626#0,8
320.0,30620492#1,1
320.0,336063376#0,1
320.0,35274074#0,1
320.0,353392316#0,7
320.0,48794887#0,8
320.0,49073272#4,4
320.0,49695726,3
320.0,49695736#0,4
320.0,506322840#0,2
320.0,506322841#1,3
320.0,506322851#0,5
320.0,506322853#0,4
320.0,51289045#5,1
320.0,51362429#0,9
320.0,51362431,10
320.0,545977624#0,2
320.0,593842812#0,3
320.0,593842812#2,6
320.0,593847703#0,17
320.0,593849711#0,3
320.0,593849711#2,20
320.0,593852345#0,3
320.0,:11510670762_0,1
320.0,:3208478128_0,2
320.0,:631668826_0,1
320.0,:655375233_0,1
320.0,:655375245_0,1
320.0,:655375336_29,5
320.0,:656132476_1,1
320.0,:cluster_2528018119_655375236_23,1
320.0,:cluster_2528018119_655375236_6,1
320.0,:cluster_2528018119_655375236_7,1
320.0,:cluster_3208478133_655375293_655375296_9631728504_#1more_1,5
320.0,:cluster_3431431575_4777363357_655375231_6982059025_12,1
320.0,:cluster_5372642442_631668976_631668981_631669076_12,3
320.0,:cluster_623980147_623980152_6,1
320.0,:cluster_655375246_655375489_3,1
320.0,:cluster_9383263990_9383263991_9383263992_9383263993_21,1
320.0,E0,9
340.0,-260882327,1
340.0,-49695726,4
340.0,-51362430,4
340.0,-545977624#2,12
340.0,-593847703#3,16
340.0,-593847704#2,3
340.0,-594658757#2,10
340.0,1068234499#0,9
340.0,1068440001,6
340.0,1068440004#1,3
340.0,1068440006#0,8
340.0,1239087513,1
340.0,182334378#0,13
340.0,182334379#0,5
340.0,196961215#0,13
340.0,196961215#2,4
340.0,196961377#0,27
340.0,196961377#3,11
340.0,198001764#0,1
340.0,232003903#0,4
340.0,241518668#0,1
340.0,244450512#0,2
340.0,244450512#4,1
340.0,244450512#5,2
340.0,288135626#0,11
340.0,30620492#1,1
340.0,336063376#0,3
340.0,353392316#0,7
340.0,48794887#0,9
340.0,49073272#4,4
340.0,49695726,3
340.0,49695736#0,7
340.0,506322841#1,2
340.0,506322846#2,1
340.0,506322851#0,5
340.0,506322853#0,4
340.0,51289045#5,1
340.0,51362429#0,9
340.0,51362431,9
340.0,593842812#0,1
340.0,593842812#2,6
340.0,593844221#0,2
340.0,593847703#0,16
340.0,593847704#0,2
340.0,593849711#0,4
340.0,593849711#2,20
340.0,593852345#0,3
340.0,:11510670762_0,1
340.0,:1926948273_0,1
340.0,:2444664370_0,1
340.0,:3208478128_0,2
340.0,:631668826_0,1
340.0,:655375245_0,1
340.0,:655375336_29,3
340.0,:656132476_1,1
340.0,:656132498_0,1
340.0,:cluster_2528018119_655375236_2,2
340.0,:cluster_3208478133_655375293_655375296_9631728504_#1more_1,2
340.0,:cluster_3431431575_4777363357_655375231_6982059025_12,1
340.0,:cluster_4374470814_4374470816_656132411_656132475_6,1
340.0,:cluster_5372642442_631668976_631668981_631669076_12,1
340.0,:cluster_623980147_623980152_14,2
340.0,E0,9
360.0,-260882327,1
360.0,-51362430,4
360.0,-545977624#2,7
360.0,-593847703#3,16
360.0,-593847704#2,3
360.0,-594658757#2,10
360.0,1068234499#0,11
360.0,1068440001,5
360.0,1068440004#1,3
360.0,1068440006#0,10
360.0,1239087513,1
360.0,182334378#0,13
360.0,182334379#0,7
360.0,182336887#0,1
360.0,196961215#0,8
360.0,196961215#2,4
360.0,196961377#0,27
360.0,196961377#3,8
360.0,232003903#0,4
360.0,241518668#0,2
360.0,244450512#0,2
360.0,244450512#4,1
360.0,244450512#5,2
360.0,259080307#0,2
360.0,288135626#0,10
360.0,288135628#0,4
360.0,288878926#0,4
360.0,303647015#0,1
360.0,353392316#0,1
360.0,48794887#0,9
360.0,49073272#4,4
360.0,49695726,2
360.0,49695736#0,10
360.0,506322841#1,2
360.0,506322851#0,6
360.0,506322853#0,4
360.0,51362429#0,4
360.0,51362431,10
360.0,593842812#0,2
360.0,593842812#2,12
360.0,593844221#0,3
360.0,593847703#0,9
360.0,593849711#0,3
360.0,593849711#2,20
360.0,593849718#0,2
360.0,593852345#0,1
360.0,:2081945236_0,1
360.0,:2444664370_0,1
360.0,:2749340167_2,1
360.0,:3208478128_0,2
360.0,:622618197_6,1
360.0,:655375232_0,2
360.0,:655375245_0,1
360.0,:cluster_2528018119_655375236_2,2
360.0,:cluster_3208478133_655375293_655375296_9631728504_#1more_1,2
360.0,:cluster_3208478133_655375293_655375296_9631728504_#1more_8,1
360.0,:cluster_4374470814_4374470816_656132411_656132475_6,1
360.0,:cluster_5372642442_631668976_631668981_631669076_10,1
360.0,:cluster_5372642442_631668976_631668981_631669076_25,1
360.0,:cluster_623980090_623980094_1,1
360.0,E0,11
380.0,-260882327,2
380.0,-51362430,1
380.0,-545977624#2,5
380.0,-593847703#3,16
380.0,-593847704#2,3
380.0,-594658757#2,10
380.0,1068234499#0,11
380.0,1068440001,6
380.0,1068440004#1,3
380.0,1068440006#0,16
380.0,182334378#0,13
380.0,182334379#0,10
380.0,182336887#0,1
380.0,182336887#2,1
380.0,196961215#0,7
380.0,196961377#0,27
380.0,196961377#3,1
380.0,196961378#1,1
380.0,198001764#0,1
380.0,232003903#0,4
380.0,244450512#0,2
380.0,244450512#4,1
380.0,244450512#5,2
380.0,288135626#0,10
380.0,288878926#0,2
380.0,30620492#1,1
380.0,336063376#0,1
380.0,353392316#0,4
380.0,48794887#0,7
380.0,49695736#0,10
380.0,506322841#1,2
380.0,506322851#0,4
380.0,506322853#0,4
380.0,51362431,10
380.0,593842812#0,6
380.0,593842812#2,14
380.0,593844221#0,3
380.0,593847703#0,2
380.0,593849711#0,3
380.0,593849711#2,20
380.0,593849718#0,2
380.0,:11510670762_0,1
380.0,:2444664370_0,1
380.0,:3208478128_0,2
380.0,:622618197_6,1
380.0,:655375245_0,1
380.0,:656132412_0,1
380.0,:cluster_2528018119_655375236_2,2
380.0,:cluster_3208478133_655375293_655375296_9631728504_#1more_1,2
380.0,:cluster_3208478133_655375293_655375296_9631728504_#1more_8,5
380.0,:cluster_4374470814_4374470816_656132411_656132475_6,1
380.0,:cluster_5372642442_631668976_631668981_631669076_1,4
380.0,:cluster_623980090_623980094_1,1
380.0,:cluster_623980147_623980152_14,1
380.0,:cluster_623980147_623980152_6,1
380.0,E0,12
400.0,-51362430,1
400.0,-545977624#2,7
400.0,-593847703#3,16
400.0,-593847704#2,3
400.0,-594658757#2,10
400.0,1068234499#0,11
400.0,1068440001,7
400.0,1068440004#1,3
400.0,1068440006#0,16
400.0,182334378#0,13
400.0,182334379#0,2
400.0,182336886,1
400.0,182336887#0,1
400.0,182336887#2,1
400.0,196961215#0,3
400.0,196961215#2,4
400.0,196961377#0,21
400.0,196961377#3,6
400.0,198001764#0,1
400.0,232003903#0,4
400.0,241518668#0,1
400.0,244450512#0,2
400.0,244450512#4,1
400.0,244450512#5,2
400.0,288135626#0,10
400.0,288135628#0,4
400.0,30620492#1,1
400.0,353392316#0,4
400.0,48794887#0,1
400.0,49695736#0,10
400.0,506322841#1,2
400.0,506322853#0,4
400.0,51362431,10
400.0,593842812#0,9
400.0,593842812#2,14
400.0,593844221#0,3
400.0,593847703#0,6
400.0,593849711#0,3
400.0,593849711#2,13
400.0,:11510670762_0,1
400.0,:2444664370_0,1
400.0,:3208478128_0,2
400.0,:622618230_0,1
400.0,:655375232_6,1
400.0,:655375233_0,2
400.0,:655375245_0,1
400.0,:cluster_3208478133_655375293_655375296_9631728504_#1more_1,2
400.0,:cluster_3208478133_655375293_655375296_9631728504_#1more_8,5
400.0,:cluster_5372642442_631668976_631668981_631669076_1,1
400.0,E0,12
420.0,-51362430,1
420.0,-545977624#2,7
420.0,-593847703#3,18
420.0,-593847704#2,3
420.0,-594658757#2,10
420.0,1068234499#0,8
420.0,1068440001,7
420.0,1068440004#1,3
420.0,1068440006#0,16
420.0,182334378#0,15
420.0,182334379#0,12
420.0,182336886,1
420.0,182336887#0,1
420.0,196961215#0,1
420.0,196961215#2,1
420.0,196961377#0,17
420.0,196961377#3,11
420.0,232003903#0,4
420.0,244450512#0,2
420.0,244450512#4,1
420.0,244450512#5,2
420.0,288135626#0,8
420.0,288135628#0,2
420.0,288878926#0,3
420.0,30620492#1,1
420.0,506322841#1,2
420.0,506322853#0,3
420.0,51362431,10
420.0,593842812#0,9
420.0,593842812#2,14
420.0,593844221#0,3
420.0,593847703#0,16
420.0,593849711#0,1
420.0,593849711#2,6
420.0,668037874,1
420.0,:11510670762_0,1
420.0,:2444664370_0,2
420.0,:3208478128_0,2
420.0,:622618230_6,1
420.0,:655375232_6,1
420.0,:655375233_0,1
420.0,:655375245_0,1
420.0,:cluster_3208478133_655375293_655375296_9631728504_#1more_1,2
420.0,:cluster_3208478133_655375293_655375296_9631728504_#1more_8,5
420.0,E0,12
440.0,-51362430,1
440.0,-545977624#2,7
440.0,-593847703#3,17
440.0,-593847704#2,3
440.0,-594658757#2,10
440.0,-E0,2
440.0,1068234499#0,9
440.0,1068440001,7
440.0,1068440004#1,6
440.0,1068440006#0,16
440.0,182334378#0,9
440.0,182334379#0,4
440.0,182336887#0,1
440.0,182336887#2,1
440.0,196961377#0,23
440.0,196961377#3,11
440.0,198001764#0,1
440.0,232003903#0,3
440.0,244450512#0,2
440.0,244450512#4,1
440.0,244450512#5,2
440.0,288135626#0,8
440.0,288135628#0,2
440.0,288878926#0,2
440.0,30620492#1,1
440.0,506322841#1,2
440.0,506322853#0,3
440.0,51362431,10
440.0,593842812#0,9
440.0,593842812#2,14
440.0,593844221#0,3
440.0,593847703#0,11
440.0,593849711#2,6
440.0,668037874,1
440.0,:11510670762_0,1
440.0,:2444664370_0,1
440.0,:3208478128_0,2
440.0,:655375233_4,1
440.0,:655375245_0,1
440.0,:655375336_7,1
440.0,:cluster_2528018119_655375236_2,3
440.0,:cluster_3208478133_655375293_655375296_9631728504_#1more_1,2
440.0,:cluster_3208478133_655375293_655375296_9631728504_#1more_14,1
440.0,:cluster_3208478133_655375293_655375296_9631728504_#1more_8,5
440.0,E0,12
460.0,-51362430,1
460.0,-545977624#2,7
460.0,-593847703#3,8
460.0,-593847704#2,3
460.0,-594658757#2,10
460.0,-E0,7
460.0,1068234499#0,9
460.0,1068440001,7
460.0,1068440004#1,9
460.0,1068440006#0,16
460.0,182334378#0,1
460.0,182334379#0,11
460.0,182336887#2,1
460.0,196961377#0,27
460.0,196961377#3,4
460.0,232003903#0,3
460.0,244450512#0,2
460.0,244450512#4,1
460.0,244450512#5,2
460.0,288135626#0,8
460.0,506322841#1,2
460.0,506322853#0,3
460.0,51362431,10
460.0,593842812#0,9
460.0,593842812#2,14
460.0,593844221#0,3
460.0,593847702#0,2
460.0,593847703#0,3
460.0,593847704#0,4
460.0,593849711#2,6
460.0,593849718#0,3
460.0,668037874,1
460.0,:11510670762_0,1
460.0,:2081945236_0,1
460.0,:2444664370_0,1
460.0,:2749340167_2,1
460.0,:3086736518_9,1
460.0,:3208478128_0,1
460.0,:622618197_6,1
460.0,:655375233_5,1
460.0,:655375245_0,1
460.0,:655375336_14,1
460.0,:655375336_9,1
460.0,:cluster_2528018119_655375236_2,3
460.0,:cluster_3208478133_655375293_655375296_9631728504_#1more_1,2
460.0,:cluster_3208478133_655375293_655375296_9631728504_#1more_14,1
460.0,:cluster_3208478133_655375293_655375296_9631728504_#1more_8,5
460.0,E0,12
480.0,-51362430,1
480.0,-545977624#2,7
480.0,-593847704#2,3
480.0,-594658757#2,10
480.0,-E0,8
480.0,1068234499#0,9
480.0,1068440001,7
480.0,1068440004#1,10
480.0,1068440006#0,16
480.0,1334904386#0,1
480.0,182334379#0,6
480.0,182336887#2,1
480.0,196961377#0,27
480.0,198001764#0,1
480.0,232003903#0,3
480.0,244450512#0,2
480.0,244450512#5,2
480.0,288135626#0,8
480.0,288135628#0,3
480.0,30620492#1,1
480.0,49695736#0,2
480.0,506322841#1,2
480.0,506322853#0,3
480.0,51362431,10
480.0,593842812#0,9
480.0,593842812#2,14
480.0,593844221#0,1
480.0,593847702#0,5
480.0,593847704#0,2
480.0,593849711#2,6
480.0,593849718#0,1
480.0,668037874,1
480.0,:11510670762_0,1
480.0,:2444664370_0,1
480.0,:3208478128_0,2
480.0,:622618108_6,1
480.0,:655375245_0,1
480.0,:655375336_29,2
480.0,:655375336_46,1
480.0,:cluster_3208478133_655375293_655375296_9631728504_#1more_14,1
480.0,:cluster_3208478133_655375293_655375296_9631728504_#1more_8,4
480.0,E0,12
500.0,-51362430,1
500.0,-545977624#2,7
500.0,-593847703#3,3
500.0,-593847704#2,3
500.0,-593847705,1
500.0,-594658757#2,12
500.0,-E0,8
500.0,1068234499#0,6
500.0,1068440001,6
500.0,1068440006#0,16
500.0,1239087513,1
500.0,1334904386#0,1
500.0,182334379#0,10
500.0,182336887#0,1
500.0,182336887#2,1
500.0,196961377#0,18
500.0,196961377#3,9
500.0,232003903#0,4
500.0,244450512#0,2
500.0,244450512#5,2
500.0,288135626#0,7
500.0,49695736#0,2
500.0,506322841#1,2
500.0,506322841#3,1
500.0,506322853#0,3
500.0,51289045#3,1
500.0,51362431,10
500.0,593842812#0,9
500.0,593842812#2,10
500.0,593847702#0,6
500.0,593849711#2,6
500.0,668037874,1
500.0,:11510670762_0,1
500.0,:2444664370_0,1
500.0,:2749340167_2,1
500.0,:3208478128_0,2
500.0,:655375233_11,2
500.0,:655375233_9,1
500.0,:655375245_0,1
500.0,:655375336_28,1
500.0,:cluster_2528018119_655375236_6,1
500.0,:cluster_3208478133_655375293_655375296_9631728504_#1more_1,4
500.0,E0,12
520.0,-51362430,1
520.0,-545977624#2,6
520.0,-593847703#3,8
520.0,-593847704#2,3
520.0,-594658757#2,13
520.0,-E0,8
520.0,1068234499#0,5
520.0,1068440001,6
520.0,1068440006#0,16
520.0,1239087513,1
520.0,1334904386#0,2
520.0,182334378#0,2
520.0,182334379#0,3
520.0,182336887#0,1
520.0,182336887#2,1
520.0,196961377#0,18
520.0,196961377#3,11
520.0,198001764#0,1
520.0,232003903#0,4
520.0,244450512#0,2
520.0,244450512#5,2
520.0,288135626#0,1
520.0,30620492#1,1
520.0,49695736#0,4
520.0,506322841#1,2
520.0,506322853#0,3
520.0,51362431,10
520.0,593842812#2,6
520.0,593844221#0,1
520.0,593847704#0,2
520.0,593849711#2,6
520.0,668037874,1
520.0,:11510670762_0,1
520.0,:2081945236_2,1
520.0,:3208478128_0,2
520.0,:622618108_6,1
520.0,:655375245_0,1
520.0,:655375336_29,3
520.0,:655375336_48,1
520.0,:cluster_2528018119_655375236_16,1
520.0,:cluster_2528018119_655375236_23,1
520.0,:cluster_2528018119_655375236_6,1
520.0,:cluster_3208478133_655375293_655375296_9631728504_#1more_1,5
520.0,E0,11
540.0,-51362430,1
540.0,-545977624#2,1
540.0,-593847703#3,15
540.0,-594658757#2,13
540.0,-E0,8
540.0,1068440001,6
540.0,1068440006#0,15
540.0,1239087513,1
540.0,1334904386#0,2
540.0,182334378#0,2
540.0,182334379#0,7
540.0,182336886,1
540.0,182336887#0,2
540.0,196961377#0,25
540.0,196961377#3,7
540.0,232003903#0,4
540.0,244450512#0,2
540.0,244450512#5,2
540.0,259080307#0,1
540.0,30620492#1,1
540.0,49695736#0,2
540.0,506322841#1,2
540.0,506322853#0,3
540.0,51362431,10
540.0,593842812#0,2
540.0,593842812#2,5
540.0,593844221#0,2
540.0,593847703#0,3
540.0,593849711#2,6
540.0,593849718#0,3
540.0,668037874,1
540.0,:11510670762_0,1
540.0,:1926948273_0,1
540.0,:3208478128_0,2
540.0,:622618197_6,1
540.0,:655375245_0,1
540.0,:655375336_2,1
540.0,:cluster_2528018119_655375236_6,1
540.0,:cluster_3208478133_655375293_655375296_9631728504_#1more_1,3
540.0,:cluster_4374470814_4374470816_656132411_656132475_6,1
540.0,E0,11
560.0,-593847703#3,16
560.0,-594658757#2,14
560.0,1068440001,3
560.0,1068440006#0,15
560.0,182334378#0,2
560.0,182334379#0,2
560.0,182336887#0,2
560.0,182336887#2,1
560.0,196961377#0,26
560.0,196961377#3,2
560.0,198001764#0,1
560.0,232003903#0,4
560.0,244450512#0,2
560.0,244450512#5,2
560.0,303647015#0,2
560.0,30620492#1,1
560.0,506322841#1,2
560.0,506322853#0,3
560.0,51362431,10
560.0,593842812#2,9
560.0,593844221#0,3
560.0,593847704#0,7
560.0,593849711#2,6
560.0,593849718#0,3
560.0,668037874,1
560.0,:11510670762_0,1
560.0,:2081945236_2,1
560.0,:3086736518_14,1
560.0,:3208478128_0,2
560.0,:655375245_0,1
560.0,:cluster_2528018119_655375236_2,1
560.0,:cluster_3208478133_655375293_655375296_9631728504_#1more_1,3
560.0,:cluster_3208478133_655375293_655375296_9631728504_#1more_8,5
560.0,E0,11
580.0,-593847703#3,16
580.0,-594658757#2,14
580.0,1068440001,3
580.0,1068440006#0,15
580.0,182334378#0,2
580.0,182334379#0,1
580.0,182336887#0,1
580.0,182336887#2,1
580.0,196961377#0,24
580.0,196961377#3,2
580.0,232003903#0,4
580.0,244450512#0,2
580.0,244450512#5,2
580.0,49073272#0,1
580.0,506322841#1,2
580.0,506322853#0,3
580.0,51362431,10
580.0,593842812#2,9
580.0,593844221#0,3
580.0,593847704#0,1
580.0,593849711#2,6
580.0,668037874,1
580.0,:11510670762_0,1
580.0,:2081945236_0,1
580.0,:2749340167_2,1
580.0,:3208478128_0,2
580.0,:619136999_2,1
580.0,:655375245_0,1
580.0,:cluster_3208478133_655375293_655375296_9631728504_#1more_1,3
580.0,:cluster_3208478133_655375293_655375296_9631728504_#1more_8,5
580.0,:cluster_5372642442_631668976_631668981_631669076_1,2
580.0,E0,11
600.0,-593847703#3,16
600.0,-594658757#2,14
600.0,1068440001,3
600.0,1068440006#0,15
600.0,182334378#0,2
600.0,182336886,1
600.0,182336887#0,1
600.0,182336887#2,1
600.0,196961377#0,16
600.0,196961377#3,11
600.0,232003903#0,4
600.0,244450512#0,2
600.0,244450512#5,2
600.0,506322841#1,2
600.0,506322853#0,3
600.0,51289045#3,1
600.0,51362431,10
600.0,593842812#2,9
600.0,593844221#0,3
600.0,593847703#0,6
600.0,668037874,1
600.0,:11510670762_0,1
600.0,:1926948273_0,1
600.0,:3208478128_0,2
600.0,:655375245_0,1
600.0,:cluster_3208478133_655375293_655375296_9631728504_#1more_1,3
600.0,:cluster_3208478133_655375293_655375296_9631728504_#1more_8,5
600.0,E0,11
620.0,-593847703#3,11
620.0,-594658757#2,15
620.0,1068440001,3
620.0,1068440006#0,15
620.0,182334378#0,2
620.0,182336887#0,1
620.0,196961377#0,21
620.0,196961377#3,11
620.0,198001764#0,1
620.0,232003903#0,4
620.0,244450512#0,2
620.0,244450512#5,2
620.0,30620492#1,1
620.0,506322841#1,2
620.0,506322853#0,3
620.0,51362431,10
620.0,593842812#2,9
620.0,593844221#0,3
620.0,593847702#0,2
620.0,593847703#0,6
620.0,593847704#0,1
620.0,668037874,1
620.0,:11510670762_0,1
620.0,:2081945236_2,1
620.0,:3208478128_0,2
620.0,:655375233_4,1
620.0,:655375233_5,1
620.0,:655375245_0,1
620.0,:cluster_3208478133_655375293_655375296_9631728504_#1more_1,3
620.0,:cluster_3208478133_655375293_655375296_9631728504_#1more_8,5
620.0,E0,10
640.0,-593847703#3,3
640.0,-594658757#2,15
640.0,1068440001,3
640.0,1068440006#0,15
640.0,182334378#0,2
640.0,182334379#0,2
640.0,182336886,1
640.0,182336887#0,1
640.0,196961377#0,24
640.0,196961377#3,6
640.0,232003903#0,4
640.0,244450512#0,2
640.0,244450512#5,2
640.0,30620492#1,1
640.0,506322841#1,2
640.0,506322853#0,3
640.0,51362431,9
640.0,593842812#2,9
640.0,593844221#0,3
640.0,593847702#0,3
640.0,593847703#0,1
640.0,593847704#0,3
640.0,593849718#0,4
640.0,594658760#0,1
640.0,668037874,1
640.0,:11510670762_0,1
640.0,:1926948273_0,1
640.0,:2081945236_0,1
640.0,:3086736518_9,1
640.0,:3208478128_0,2
640.0,:619136999_2,2
640.0,:622618108_6,1
640.0,:655375233_5,1
640.0,:655375245_0,1
640.0,:cluster_2528018119_655375236_2,3
640.0,:cluster_3208478133_655375293_655375296_9631728504_#1more_1,3
640.0,:cluster_3208478133_655375293_655375296_9631728504_#1more_8,5
640.0,E0,10
660.0,-594658757#2,15
660.0,-E0,1
660.0,1068440001,3
660.0,1068440004#1,1
660.0,1068440006#0,15
660.0,182334379#0,2
660.0,182336887#2,1
660.0,196961377#0,17
660.0,196961377#3,7
660.0,198001764#0,2
660.0,232003903#0,3
660.0,244450512#0,2
660.0,244450512#5,2
660.0,288135628#0,2
660.0,30620492#1,1
660.0,506322841#1,3
660.0,506322853#0,3
660.0,51362431,10
660.0,593842812#2,9
660.0,593844221#0,3
660.0,593847704#0,1
660.0,593849718#0,2
660.0,668037874,1
660.0,:11510670762_0,1
660.0,:3208478128_0,2
660.0,:619136999_2,1
660.0,:622618108_6,1
660.0,:622618197_6,1
660.0,:655375245_1,1
660.0,:cluster_3208478133_655375293_655375296_9631728504_#1more_1,3
660.0,:cluster_3208478133_655375293_655375296_9631728504_#1more_14,1
660.0,:cluster_3208478133_655375293_655375296_9631728504_#1more_8,5
660.0,:cluster_5372642442_631668976_631668981_631669076_1,2
660.0,E0,10
680.0,-593847705,1
680.0,-594658757#2,15
680.0,-E0,1
680.0,1068440001,2
680.0,1068440006#0,15
680.0,1239087513,1
680.0,1334904386#0,1
680.0,182334379#0,2
680.0,182336886,1
680.0,182336887#2,1
680.0,196961377#0,16
680.0,196961377#3,7
680.0,198001764#0,1
680.0,232003903#0,3
680.0,244450512#0,2
680.0,244450512#5,2
680.0,30620492#1,1
680.0,49695736#0,4
680.0,506322841#1,2
680.0,506322853#0,3
680.0,51362431,10
680.0,593842812#2,9
680.0,593844221#0,1
680.0,593849718#0,3
680.0,668037874,1
680.0,:11510670762_0,1
680.0,:3208478128_0,2
680.0,:619136999_2,1
680.0,:655375245_1,1
680.0,:655375336_29,1
680.0,:655375336_48,1
680.0,:cluster_3208478133_655375293_655375296_9631728504_#1more_14,1
680.0,:cluster_3208478133_655375293_655375296_9631728504_#1more_8,2
680.0,E0,10
700.0,-594658757#2,16
700.0,1068440001,2
700.0,1068440006#0,15
700.0,1239087513,1
700.0,1334904386#0,2
700.0,196961377#0,20
700.0,196961377#3,10
700.0,198001764#0,1
700.0,232003903#0,4
700.0,244450512#0,2
700.0,244450512#5,2
700.0,30620492#1,1
700.0,49695736#0,8
700.0,506322841#1,2
700.0,506322853#0,3
700.0,51289045#5,1
700.0,51362431,10
700.0,593844221#0,1
700.0,593847704#0,1
700.0,668037874,1
700.0,:11510670762_0,1
700.0,:2081945236_2,1
700.0,:3086736518_19,1
700.0,:3208478128_0,2
700.0,:655375245_1,1
700.0,:655375336_29,3
700.0,:655375336_48,1
700.0,:cluster_3208478133_655375293_655375296_9631728504_#1more_1,3
700.0,E0,10
720.0,-594658757#2,16
720.0,1068440001,2
720.0,1068440006#0,14
720.0,1239087513,1
720.0,182334379#0,13
720.0,182336887#2,1
720.0,196961377#0,26
720.0,196961377#3,11
720.0,198001764#0,1
720.0,232003903#0,4
720.0,244450512#0,2
720.0,244450512#5,1
720.0,303647015#0,2
720.0,30620492#1,1
720.0,49695736#0,3
720.0,506322841#1,3
720.0,506322853#0,3
720.0,51362431,10
720.0,668037874,1
720.0,:11510670762_0,1
720.0,:3208478128_0,2
720.0,:655375245_1,1
720.0,:655375336_2,1
720.0,:cluster_3208478133_655375293_655375296_9631728504_#1more_15,1
720.0,E0,10
740.0,-594658757#2,21
740.0,1068440001,2
740.0,1068440006#0,6
740.0,1239087513,1
740.0,1334904386#0,2
740.0,182336887#2,1
740.0,196961377#0,26
740.0,196961377#3,8
740.0,198001764#0,1
740.0,232003903#0,4
740.0,244450512#0,2
740.0,30620492#1,1
740.0,49695736#0,1
740.0,506322841#1,2
740.0,506322853#0,2
740.0,51362431,10
740.0,593849718#0,2
740.0,668037874,1
740.0,:11510670762_0,1
740.0,:622618197_0,1
740.0,:655375245_1,1
740.0,:655375336_1,1
740.0,:655375336_2,1
740.0,E0,10
760.0,-594658757#2,24
760.0,1068440001,2
760.0,1068440006#0,4
760.0,1239087513,1
760.0,1334904386#0,3
760.0,182334379#0,1
760.0,182336887#2,1
760.0,196961377#0,24
760.0,196961377#3,4
760.0,232003903#0,4
760.0,244450512#0,2
760.0,506322841#1,2
760.0,506322853#0,2
760.0,51362431,10
760.0,593849718#0,3
760.0,668037874,1
760.0,:11510670762_0,1
760.0,:2081945236_0,1
760.0,:2749340167_2,1
760.0,:619136999_2,1
760.0,:622618197_6,1
760.0,:655375245_1,1
760.0,E0,10
780.0,-593849724,1
780.0,-594658757#2,24
780.0,1068440006#0,4
780.0,1334904386#0,3
780.0,196961377#0,15
780.0,196961377#3,6
780.0,232003903#0,4
780.0,244450512#0,2
780.0,30620492#1,1
780.0,506322841#1,2
780.0,506322853#0,2
780.0,51362431,10
780.0,593844221#0,1
780.0,593849718#0,2
780.0,668037874,1
780.0,:1926948273_0,1
780.0,:2081945236_0,1
780.0,:2749340167_2,1
780.0,:619136999_2,1
780.0,:655375245_1,1
780.0,:cluster_3208478133_655375293_655375296_9631728504_#1more_8,3
780.0,E0,10
800.0,-594658757#2,24
800.0,1068440006#0,4
800.0,182336887#2,1
800.0,196961377#0,8
800.0,196961377#3,11
800.0,232003903#0,3
800.0,244450512#0,2
800.0,303647015#0,3
800.0,30620492#1,1
800.0,506322841#1,2
800.0,506322841#3,1
800.0,506322853#0,2
800.0,51362431,10
800.0,593844221#0,1
800.0,668037874,1
800.0,:655375245_1,1
800.0,:cluster_3208478133_655375293_655375296_9631728504_#1more_14,2
800.0,:cluster_3208478133_655375293_655375296_9631728504_#1more_8,3
800.0,E0,10
820.0,-594658757#2,24
820.0,1068440006#0,4
820.0,182336887#0,1
820.0,182336887#2,1
820.0,196961377#0,8
820.0,196961377#3,11
820.0,198001764#0,1
820.0,232003903#0,4
820.0,244450512#0,2
820.0,49695736#0,1
820.0,506322841#1,2
820.0,506322853#0,2
820.0,51362431,10
820.0,668037874,1
820.0,:1926948273_0,1
820.0,:2749340167_2,1
820.0,:655375245_1,1
820.0,:655375336_28,1
820.0,:655375336_48,1
820.0,:cluster_3208478133_655375293_655375296_9631728504_#1more_14,2
820.0,:cluster_3208478133_655375293_655375296_9631728504_#1more_8,1
820.0,E0,10
840.0,-260882327,1
840.0,-594658757#2,25
840.0,1068440006#0,4
840.0,182334379#0,2
840.0,182336887#2,2
840.0,196961377#0,8
840.0,196961377#3,11
840.0,232003903#0,4
840.0,244450512#0,2
840.0,506322853#0,2
840.0,51362431,10
840.0,668037874,1
840.0,:6251747844_1,1
840.0,:655375245_1,1
840.0,:655375336_47,1
840.0,E0,10
860.0,-594658757#2,25
860.0,1068440006#0,4
860.0,196961377#0,8
860.0,196961377#3,5
860.0,232003903#0,4
860.0,244450512#0,2
860.0,506322853#0,2
860.0,51362431,10
860.0,593849718#0,2
860.0,668037874,1
860.0,:622618197_6,1
860.0,:655375245_1,1
860.0,:655375336_47,1
860.0,E0,10
880.0,-594658757#2,25
880.0,1068440006#0,4
880.0,196961377#0,1
880.0,196961377#3,6
880.0,232003903#0,4
880.0,244450512#0,2
880.0,506322853#0,2
880.0,51362431,10
880.0,593849718#0,2
880.0,668037874,1
880.0,:655375245_1,1
880.0,:655375336_47,1
880.0,E0,10
900.0,-594658757#2,25
900.0,1068440006#0,4
900.0,196961377#3,7
900.0,232003903#0,4
900.0,244450512#0,2
900.0,506322853#0,2
900.0,51289045#3,3
900.0,51289045#5,1
900.0,51362431,10
900.0,593844216#0,2
900.0,668037874,1
900.0,:655375245_1,1
900.0,:655375336_47,1
900.0,E0,10
920.0,-594658757#2,25
920.0,1068440006#0,4
920.0,1334904386#0,1
920.0,196961377#3,7
920.0,232003903#0,4
920.0,244450512#0,2
920.0,506322853#0,2
920.0,51362431,10
920.0,545977624#0,1
920.0,668037874,1
920.0,:655375245_1,1
920.0,:655375336_47,1
920.0,E0,9
940.0,-594658757#2,25
940.0,1068440006#0,4
940.0,1334904386#0,1
940.0,196961377#3,4
940.0,232003903#0,4
940.0,244450512#0,2
940.0,506322853#0,2
940.0,51362431,9
940.0,593849718#0,2
940.0,594658757#0,1
940.0,668037874,1
940.0,:622618197_6,1
940.0,:655375245_1,1
940.0,:655375336_47,1
940.0,E0,9
960.0,-594658757#2,25
960.0,1068440006#0,4
960.0,232003903#0,3
960.0,244450512#0,1
960.0,244450512#4,2
960.0,303647015#0,1
960.0,506322853#0,2
960.0,51289045#1,1
960.0,51362431,10
960.0,668037874,1
960.0,:655375245_1,1
960.0,:655375336_47,1
960.0,:cluster_3208478133_655375293_655375296_9631728504_#1more_11,1
960.0,:cluster_3208478133_655375293_655375296_9631728504_#1more_14,3
960.0,E0,9
980.0,-594658757#2,24
980.0,1068440006#0,4
980.0,232003903#0,4
980.0,244450512#0,1
980.0,244450512#5,1
980.0,303647015#0,1
980.0,506322853#0,2
980.0,51289045#5,2
980.0,51362431,10
980.0,668037874,1
980.0,:6251747844_1,1
980.0,:655375245_1,1
980.0,:655375336_47,1
980.0,:cluster_3208478133_655375293_655375296_9631728504_#1more_15,1
980.0,:cluster_4374470814_4374470816_656132411_656132475_4,1
980.0,E0,9
1000.0,-594658757#2,24
1000.0,1068440006#0,4
1000.0,232003903#0,4
1000.0,244450512#0,1
1000.0,506322853#0,2
1000.0,51362431,10
1000.0,668037874,1
1000.0,:655375245_1,1
1000.0,:655375336_47,1
1000.0,E0,9
1020.0,-594658757#2,25
1020.0,1068440006#0,4
1020.0,232003903#0,4
1020.0,244450512#0,1
1020.0,506322853#0,2
1020.0,51362431,10
1020.0,668037874,1
1020.0,:655375245_1,1
1020.0,E0,9
1040.0,-594658757#2,25
1040.0,1068440006#0,4
1040.0,196961377#0,1
1040.0,232003903#0,4
1040.0,244450512#0,1
1040.0,506322853#0,1
1040.0,51289045#1,1
1040.0,51289045#3,2
1040.0,51362431,10
1040.0,668037874,1
1040.0,:2664674480_0,1
1040.0,:655375245_1,1
1040.0,E0,9
1060.0,-260882327,1
1060.0,-594658757#2,25
1060.0,1068440006#0,3
1060.0,196961377#3,1
1060.0,232003903#0,4
1060.0,244450512#0,1
1060.0,506322853#0,1
1060.0,51362431,10
1060.0,668037874,1
1060.0,:655375245_1,1
1060.0,E0,9
1080.0,-594658757#2,25
1080.0,1068440006#0,3
1080.0,232003903#0,4
1080.0,244450512#0,1
1080.0,506322853#0,1
1080.0,51362431,10
1080.0,668037874,1
1080.0,:622618015_4,1
1080.0,:655375245_1,1
1080.0,E0,9
1100.0,-594658757#2,25
1100.0,1068440006#0,3
1100.0,232003903#0,3
1100.0,244450512#0,1
1100.0,49695733#0,1
1100.0,51362431,10
1100.0,668037874,1
1100.0,:655375245_1,1
1100.0,:cluster_3208478133_655375293_655375296_9631728504_#1more_14,2
1100.0,E0,9
1120.0,-260882327,1
1120.0,-594658757#2,25
1120.0,1068440006#0,3
1120.0,232003903#0,4
1120.0,244450512#0,1
1120.0,51289045#3,1
1120.0,51289045#5,1
1120.0,51362431,10
1120.0,593844216#0,1
1120.0,668037874,1
1120.0,:6251747844_1,1
1120.0,:655375245_1,1
1120.0,E0,9
1140.0,-594658757#2,25
1140.0,1068440006#0,3
1140.0,232003903#0,4
1140.0,244450512#0,1
1140.0,51362431,10
1140.0,668037874,1
1140.0,:655375245_1,1
1140.0,E0,9
1160.0,-594658757#2,25
1160.0,1068440006#0,3
1160.0,232003903#0,4
1160.0,244450512#0,1
1160.0,51362431,10
1160.0,668037874,1
1160.0,:655375245_1,1
1160.0,E0,9
1180.0,-594658757#2,25
1180.0,1068440006#0,3
1180.0,232003903#0,1
1180.0,244450512#0,1
1180.0,51289045#3,2
1180.0,51362431,10
1180.0,593844216#0,2
1180.0,668037874,1
1180.0,:655375245_1,1
1180.0,:cluster_3208478133_655375293_655375296_9631728504_#1more_14,1
1180.0,:cluster_3208478133_655375293_655375296_9631728504_#1more_25,1
1180.0,E0,9
1200.0,-260882327,1
1200.0,-594658757#2,25
1200.0,1068440006#0,3
1200.0,232003903#0,1
1200.0,244450512#0,1
1200.0,51362431,10
1200.0,545977624#0,1
1200.0,668037874,1
1200.0,:6251747844_1,1
1200.0,:655375245_1,1
1200.0,:cluster_4374470814_4374470816_656132411_656132475_4,1
1200.0,E0,9
1220.0,-594658757#2,25
1220.0,1068440006#0,3
1220.0,232003903#0,1
1220.0,244450512#0,1
1220.0,51362431,10
1220.0,668037874,1
1220.0,:655375245_1,1
1220.0,E0,8
1240.0,-594658757#2,25
1240.0,1068440006#0,3
1240.0,232003903#0,3
1240.0,244450512#0,1
1240.0,303647015#0,1
1240.0,51362431,9
1240.0,594658757#0,1
1240.0,668037874,1
1240.0,:655375245_1,1
1240.0,:cluster_3208478133_655375293_655375296_9631728504_#1more_11,1
1240.0,E0,8
1260.0,-594658757#2,25
1260.0,1068440006#0,3
1260.0,232003903#0,1
1260.0,244450512#1,1
1260.0,51289045#5,1
1260.0,51362431,10
1260.0,593844216#0,3
1260.0,668037874,1
1260.0,:656132499_1,1
1260.0,E0,8
1280.0,-594658757#2,24
1280.0,1068440006#0,3
1280.0,232003903#0,1
1280.0,244450512#5,1
1280.0,303647015#0,1
1280.0,51362431,10
1280.0,545977624#0,2
1280.0,593844216#0,1
1280.0,668037874,1
1280.0,E0,8
1300.0,-594658757#2,24
1300.0,1068440006#0,3
1300.0,232003903#0,1
1300.0,244450512#5,1
1300.0,51362431,10
1300.0,545977624#0,1
1300.0,668037874,1
1300.0,E0,8
1320.0,-594658757#2,24
1320.0,1068440006#0,3
1320.0,244450512#5,1
1320.0,51362431,10
1320.0,593844216#0,1
1320.0,668037874,1
1320.0,E0,8
1340.0,-594658757#2,24
1340.0,1068440006#0,3
1340.0,196961377#0,1
1340.0,51362431,10
1340.0,:cluster_3208478133_655375293_655375296_9631728504_#1more_15,1
1340.0,:cluster_4374470814_4374470816_656132411_656132475_4,1
1340.0,E0,8
1360.0,-594658757#2,24
1360.0,1068440006#0,2
1360.0,196961377#3,1
1360.0,51362431,10
1360.0,E0,8
1380.0,-594658757#2,24
1380.0,1068440006#0,2
1380.0,196961377#3,1
1380.0,51362431,10
1380.0,E0,8
1400.0,-594658757#2,24
1400.0,1068440006#0,2
1400.0,196961377#3,1
1400.0,303647015#0,1
1400.0,51362431,10
1400.0,E0,8
1420.0,-594658757#2,24
1420.0,1334904386#0,2
1420.0,51362431,10
1420.0,E0,8
1440.0,-594658757#2,24
1440.0,1334904386#0,2
1440.0,51362431,10
1440.0,E0,8
1460.0,-594658757#2,24
1460.0,1334904386#0,2
1460.0,51362431,10
1460.0,E0,8
1480.0,-594658757#2,24
1480.0,1334904386#0,2
1480.0,51362431,10
1480.0,E0,8
1500.0,-594658757#2,24
1500.0,303647015#0,2
1500.0,51362431,10
1500.0,E0,8
1520.0,-594658757#2,24
1520.0,51362431,10
1520.0,E0,7
1540.0,-594658757#2,24
1540.0,303647015#0,1
1540.0,51362431,10
1540.0,E0,7
1560.0,-594658757#2,24
1560.0,51362431,9
1560.0,E0,7
1580.0,-594658757#2,23
1580.0,303647015#0,1
1580.0,51362431,9
1580.0,E0,7
1600.0,-594658757#2,23
1600.0,51362431,9
1600.0,E0,7
1620.0,-594658757#2,24
1620.0,51362431,9
1620.0,E0,7
1640.0,-594658757#2,24
1640.0,51362431,9
1640.0,E0,7
1660.0,-594658757#2,24
1660.0,51362431,9
1660.0,E0,7
1680.0,-594658757#2,24
1680.0,51362431,9
1680.0,E0,7
1700.0,-594658757#2,24
1700.0,51362431,9
1700.0,E0,7
1720.0,-594658757#2,24
1720.0,51362431,9
1720.0,E0,7
1740.0,-594658757#2,24
1740.0,51362431,9
1740.0,E0,7
1760.0,-594658757#2,24
1760.0,51362431,9
1760.0,E0,7
1780.0,-594658757#2,24
1780.0,51362431,9
1780.0,E0,7
1800.0,-594658757#2,24
1800.0,51362431,9
1800.0,E0,7
1820.0,-594658757#2,24
1820.0,51362431,9
1820.0,E0,7
1840.0,-594658757#2,24
1840.0,51362431,9
1840.0,E0,6
1860.0,-594658757#2,24
1860.0,51362431,8
1860.0,594658757#0,1
1860.0,E0,6
1880.0,-594658757#2,24
1880.0,51362431,8
1880.0,E0,6
1900.0,-594658757#2,23
1900.0,51362431,8
1900.0,E0,6
1920.0,-594658757#2,24
1920.0,51362431,8
1920.0,E0,6
1940.0,-594658757#2,24
1940.0,51362431,8
1940.0,E0,6
1960.0,-594658757#2,24
1960.0,51362431,8
1960.0,E0,6
1980.0,-594658757#2,24
1980.0,51362431,8
1980.0,E0,6
2000.0,-594658757#2,24
2000.0,51362431,8
2000.0,E0,6
2020.0,-594658757#2,24
2020.0,51362431,8
2020.0,E0,6
2040.0,-594658757#2,24
2040.0,51362431,8
2040.0,E0,6
2060.0,-594658757#2,24
2060.0,51362431,8
2060.0,E0,6
2080.0,-594658757#2,24
2080.0,51362431,8
2080.0,E0,6
2100.0,-594658757#2,24
2100.0,51362431,8
2100.0,E0,6
2120.0,-594658757#2,24
2120.0,51362431,8
2120.0,E0,6
2140.0,-594658757#2,24
2140.0,51362431,8
2140.0,E0,5
2160.0,-594658757#2,24
2160.0,51362431,7
2160.0,594658757#0,1
2160.0,E0,5
2180.0,-594658757#2,24
2180.0,51362431,7
2180.0,E0,5
2200.0,-594658757#2,23
2200.0,303647015#0,1
2200.0,51362431,7
2200.0,E0,5
2220.0,-594658757#2,24
2220.0,51362431,7
2220.0,E0,5
2240.0,-594658757#2,24
2240.0,51362431,7
2240.0,E0,5
2260.0,-594658757#2,24
2260.0,51362431,7
2260.0,E0,5
2280.0,-594658757#2,24
2280.0,51362431,7
2280.0,E0,5
2300.0,-594658757#2,24
2300.0,51362431,7
2300.0,E0,5
2320.0,-594658757#2,24
2320.0,51362431,7
2320.0,E0,5
2340.0,-594658757#2,24
2340.0,51362431,7
2340.0,E0,5
2360.0,-594658757#2,24
2360.0,51362431,7
2360.0,E0,5
2380.0,-594658757#2,24
2380.0,51362431,7
2380.0,E0,5
2400.0,-594658757#2,24
2400.0,51362431,7
2400.0,E0,5
2420.0,-594658757#2,24
2420.0,51362431,7
2420.0,E0,5
2440.0,-594658757#2,24
2440.0,1334904386#0,1
2440.0,51362431,7
2440.0,E0,4
2460.0,-594658757#2,24
2460.0,51362431,6
2460.0,594658760#0,1
2460.0,:cluster_655375246_655375489_3,1
2460.0,E0,4
2480.0,-594658757#2,24
2480.0,51362431,6
2480.0,E0,4
2500.0,-594658757#2,23
2500.0,303647015#0,1
2500.0,51362431,6
2500.0,E0,4
2520.0,-594658757#2,23
2520.0,51362431,6
2520.0,E0,4
2540.0,-594658757#2,23
2540.0,51362431,6
2540.0,E0,4
2560.0,-594658757#2,23
2560.0,51362431,6
2560.0,E0,4
2580.0,-594658757#2,23
2580.0,51362431,6
2580.0,E0,4
2600.0,-594658757#2,23
2600.0,51362431,6
2600.0,E0,4
2620.0,-594658757#2,23
2620.0,51362431,6
2620.0,E0,4
2640.0,-594658757#2,23
2640.0,51362431,6
2640.0,E0,4
2660.0,-594658757#2,23
2660.0,51362431,6
2660.0,E0,4
2680.0,-594658757#2,23
2680.0,51362431,6
2680.0,E0,4
2700.0,-594658757#2,23
2700.0,51362431,6
2700.0,E0,4
2720.0,-594658757#2,23
2720.0,51362431,6
2720.0,E0,4
2740.0,-594658757#2,23
2740.0,51362431,6
2740.0,E0,4
2760.0,-594658757#2,23
2760.0,1334904386#0,1
2760.0,51362431,6
2760.0,E0,3
2780.0,-594658757#2,23
2780.0,303647015#0,1
2780.0,51362431,5
2780.0,E0,3
2800.0,-594658757#2,22
2800.0,303647015#0,1
2800.0,51362431,5
2800.0,E0,3
2820.0,-594658757#2,22
2820.0,51362431,5
2820.0,E0,3
2840.0,-594658757#2,22
2840.0,51362431,5
2840.0,E0,3
2860.0,-594658757#2,22
2860.0,51362431,5
2860.0,E0,3
2880.0,-594658757#2,22
2880.0,51362431,5
2880.0,E0,3
2900.0,-594658757#2,22
2900.0,51362431,5
2900.0,E0,3
2920.0,-594658757#2,22
2920.0,51362431,5
2920.0,E0,3
2940.0,-594658757#2,22
2940.0,51362431,5
2940.0,E0,3
2960.0,-594658757#2,22
2960.0,51362431,5
2960.0,E0,3
2980.0,-594658757#2,22
2980.0,51362431,5
2980.0,E0,3
3000.0,-594658757#2,22
3000.0,51362431,5
3000.0,E0,3
3020.0,-594658757#2,22
3020.0,51362431,5
3020.0,E0,3
3040.0,-594658757#2,22
3040.0,51362431,5
3040.0,E0,3
3060.0,-594658757#2,22
3060.0,1334904386#0,1
3060.0,51362431,5
3060.0,E0,2
3080.0,-594658757#2,22
3080.0,1334904386#0,1
3080.0,51362431,4
3080.0,594658760#0,1
3080.0,E0,2
3100.0,-594658757#2,22
3100.0,1334904386#0,1
3100.0,51362431,4
3100.0,E0,2
3120.0,-594658757#2,21
3120.0,303647015#0,1
3120.0,51362431,4
3120.0,E0,2
3140.0,-594658757#2,21
3140.0,51362431,4
3140.0,E0,2
3160.0,-594658757#2,21
3160.0,51362431,4
3160.0,E0,2
3180.0,-594658757#2,21
3180.0,51362431,4
3180.0,E0,2
3200.0,-594658757#2,21
3200.0,51362431,4
3200.0,E0,2
3220.0,-594658757#2,21
3220.0,51362431,4
3220.0,E0,2
3240.0,-594658757#2,21
3240.0,51362431,4
3240.0,E0,2
3260.0,-594658757#2,21
3260.0,51362431,4
3260.0,E0,2
3280.0,-594658757#2,21
3280.0,51362431,4
3280.0,E0,2
3300.0,-594658757#2,21
3300.0,51362431,4
3300.0,E0,2
3320.0,-594658757#2,21
3320.0,51362431,4
3320.0,E0,2
3340.0,-594658757#2,21
3340.0,51362431,4
3340.0,E0,2
3360.0,-594658757#2,21
3360.0,1334904386#0,1
3360.0,51362431,4
3360.0,E0,1
3380.0,-594658757#2,21
3380.0,1334904386#0,1
3380.0,51362431,3
3380.0,594658757#0,1
3380.0,E0,1
3400.0,-594658757#2,22
3400.0,1334904386#0,1
3400.0,51362431,3
3420.0,-594658757#2,21
3420.0,1334904386#0,1
3420.0,303647015#0,1
3420.0,51362431,3
3440.0,-594658757#2,21
3440.0,51362431,3
3440.0,:cluster_655375246_655375489_3,1
3460.0,-594658757#2,21
3460.0,51362431,3
3480.0,-594658757#2,21
3480.0,51362431,3
3500.0,-594658757#2,21
3500.0,51362431,3
3520.0,-594658757#2,21
3520.0,51362431,3
3540.0,-594658757#2,21
3540.0,51362431,3
3560.0,-594658757#2,21
3560.0,51362431,3
3580.0,-594658757#2,21
3580.0,51362431,3
3600.0,-594658757#2,21
3600.0,51362431,3
3620.0,-594658757#2,21
3620.0,51362431,3
3640.0,-594658757#2,21
3640.0,51362431,3
3660.0,-594658757#2,21
3660.0,51362431,3
3680.0,-594658757#2,21
3680.0,51362431,2
3680.0,594658760#0,1
3700.0,-594658757#2,21
3700.0,51362431,2
3720.0,-594658757#2,20
3720.0,303647015#0,1
3720.0,51362431,2
3740.0,-594658757#2,20
3740.0,51362431,2
3760.0,-594658757#2,20
3760.0,51362431,2
3780.0,-594658757#2,20
3780.0,51362431,2
3800.0,-594658757#2,20
3800.0,51362431,2
3820.0,-594658757#2,20
3820.0,51362431,2
3840.0,-594658757#2,20
3840.0,51362431,2
3860.0,-594658757#2,20
3860.0,51362431,2
3880.0,-594658757#2,20
3880.0,51362431,2
3900.0,-594658757#2,20
3900.0,51362431,2
3920.0,-594658757#2,20
3920.0,51362431,2
3940.0,-594658757#2,20
3940.0,51362431,2
3960.0,-594658757#2,20
3960.0,51362431,2
3980.0,-594658757#2,20
3980.0,51362431,2
4000.0,-594658757#2,20
4000.0,51362431,1
4020.0,-594658757#2,20
4020.0,51362431,1
4040.0,-594658757#2,19
4040.0,51362431,1
4060.0,-594658757#2,19
4060.0,51362431,1
4080.0,-594658757#2,19
4080.0,51362431,1
4100.0,-594658757#2,19
4100.0,51362431,1
4120.0,-594658757#2,19
4120.0,51362431,1
4140.0,-594658757#2,19
4140.0,51362431,1
4160.0,-594658757#2,19
4160.0,51362431,1
4180.0,-594658757#2,19
4180.0,51362431,1
4200.0,-594658757#2,19
4200.0,51362431,1
4220.0,-594658757#2,19
4220.0,51362431,1
4240.0,-594658757#2,19
4240.0,51362431,1
4260.0,-594658757#2,19
4260.0,51362431,1
4280.0,-594658757#2,19
4280.0,51362431,1
4300.0,-594658757#2,19
4300.0,594658757#0,1
4320.0,-594658757#2,19
4340.0,-594658757#2,18
4340.0,303647015#0,1
4360.0,-594658757#2,18
4380.0,-594658757#2,18
4400.0,-594658757#2,18
4420.0,-594658757#2,18
4440.0,-594658757#2,18
4460.0,-594658757#2,18
4480.0,-594658757#2,18
4500.0,-594658757#2,18
4520.0,-594658757#2,18
4540.0,-594658757#2,18
4560.0,-594658757#2,18
4580.0,-594658757#2,18
4600.0,-594658757#2,18
4620.0,-594658757#2,18
4640.0,-594658757#2,17
4640.0,303647015#0,1
4660.0,-594658757#2,17
4680.0,-594658757#2,17
4700.0,-594658757#2,17
4720.0,-594658757#2,17
4740.0,-594658757#2,17
4760.0,-594658757#2,17
4780.0,-594658757#2,17
4800.0,-594658757#2,17
4820.0,-594658757#2,17
4840.0,-594658757#2,17
4860.0,-594658757#2,17
4880.0,-594658757#2,17
4900.0,-594658757#2,17
4920.0,-594658757#2,17
4940.0,-594658757#2,16
4940.0,303647015#0,1
4960.0,-594658757#2,16
4980.0,-594658757#2,16
5000.0,-594658757#2,16
5020.0,-594658757#2,16
5040.0,-594658757#2,16
5060.0,-594658757#2,16
5080.0,-594658757#2,16
5100.0,-594658757#2,16
5120.0,-594658757#2,16
5140.0,-594658757#2,16
5160.0,-594658757#2,16
5180.0,-594658757#2,16
5200.0,-594658757#2,16
5220.0,-594658757#2,16
5240.0,-594658757#2,16
5260.0,-594658757#2,15
5280.0,-594658757#2,15
5300.0,-594658757#2,15
5320.0,-594658757#2,15
5340.0,-594658757#2,15
5360.0,-594658757#2,15
5380.0,-594658757#2,15
5400.0,-594658757#2,15
5420.0,-594658757#2,15
5440.0,-594658757#2,15
5460.0,-594658757#2,15
5480.0,-594658757#2,15
5500.0,-594658757#2,15
5520.0,-594658757#2,15
5540.0,-594658757#2,15
5560.0,-594658757#2,14
5560.0,303647015#0,1
5580.0,-594658757#2,14
5600.0,-594658757#2,14
5620.0,-594658757#2,14
5640.0,-594658757#2,14
5660.0,-594658757#2,14
5680.0,-594658757#2,14
5700.0,-594658757#2,14
5720.0,-594658757#2,14
5740.0,-594658757#2,14
5760.0,-594658757#2,14
5780.0,-594658757#2,14
5800.0,-594658757#2,14
5820.0,-594658757#2,14
5840.0,-594658757#2,14
5860.0,-594658757#2,13
5860.0,303647015#0,1
5880.0,-594658757#2,13
5900.0,-594658757#2,13
5920.0,-594658757#2,13
5940.0,-594658757#2,13
5960.0,-594658757#2,13
5980.0,-594658757#2,13
6000.0,-594658757#2,13
6020.0,-594658757#2,13
6040.0,-594658757#2,13
6060.0,-594658757#2,13
6080.0,-594658757#2,13
6100.0,-594658757#2,13
6120.0,-594658757#2,13
6140.0,-594658757#2,13
6160.0,-594658757#2,12
6160.0,303647015#0,1
6180.0,-594658757#2,12
6200.0,-594658757#2,12
6220.0,-594658757#2,12
6240.0,-594658757#2,12
6260.0,-594658757#2,12
6280.0,-594658757#2,12
6300.0,-594658757#2,12
6320.0,-594658757#2,12
6340.0,-594658757#2,12
6360.0,-594658757#2,12
6380.0,-594658757#2,12
6400.0,-594658757#2,12
6420.0,-594658757#2,12
6440.0,-594658757#2,12
6460.0,-594658757#2,12
6480.0,-594658757#2,11
6480.0,303647015#0,1
6500.0,-594658757#2,11
6520.0,-594658757#2,11
6540.0,-594658757#2,11
6560.0,-594658757#2,11
6580.0,-594658757#2,11
6600.0,-594658757#2,11
6620.0,-594658757#2,11
6640.0,-594658757#2,11
6660.0,-594658757#2,11
6680.0,-594658757#2,11
6700.0,-594658757#2,11
6720.0,-594658757#2,11
6740.0,-594658757#2,11
6760.0,-594658757#2,11
6780.0,-594658757#2,10
6780.0,303647015#0,1
6800.0,-594658757#2,10
6820.0,-594658757#2,10
6840.0,-594658757#2,10
6860.0,-594658757#2,10
6880.0,-594658757#2,10
6900.0,-594658757#2,10
6920.0,-594658757#2,10
6940.0,-594658757#2,10
6960.0,-594658757#2,10
6980.0,-594658757#2,10
7000.0,-594658757#2,10
7020.0,-594658757#2,10
7040.0,-594658757#2,10
7060.0,-594658757#2,10
7080.0,-594658757#2,9
7080.0,303647015#0,1
7100.0,-594658757#2,9
7120.0,-594658757#2,9
7140.0,-594658757#2,9
7160.0,-594658757#2,9
7180.0,-594658757#2,9
7200.0,-594658757#2,9
7220.0,-594658757#2,9
7240.0,-594658757#2,9
7260.0,-594658757#2,9
7280.0,-594658757#2,9
7300.0,-594658757#2,9
7320.0,-594658757#2,9
7340.0,-594658757#2,9
7360.0,-594658757#2,9
7380.0,-594658757#2,8
7380.0,303647015#0,1
7400.0,-594658757#2,8
7420.0,-594658757#2,8
7440.0,-594658757#2,8
7460.0,-594658757#2,8
7480.0,-594658757#2,8
7500.0,-594658757#2,8
7520.0,-594658757#2,8
7540.0,-594658757#2,8
7560.0,-594658757#2,8
7580.0,-594658757#2,8
7600.0,-594658757#2,8
7620.0,-594658757#2,8
7640.0,-594658757#2,8
7660.0,-594658757#2,8
7680.0,-594658757#2,8
7700.0,-594658757#2,7
7700.0,303647015#0,1
7720.0,-594658757#2,7
7740.0,-594658757#2,7
7760.0,-594658757#2,7
7780.0,-594658757#2,7
7800.0,-594658757#2,7
7820.0,-594658757#2,7
7840.0,-594658757#2,7
7860.0,-594658757#2,7
7880.0,-594658757#2,7
7900.0,-594658757#2,7
7920.0,-594658757#2,7
7940.0,-594658757#2,7
7960.0,-594658757#2,7
7980.0,-594658757#2,7
8000.0,-594658757#2,6
8000.0,303647015#0,1
8020.0,-594658757#2,6
8040.0,-594658757#2,6
8060.0,-594658757#2,6
8080.0,-594658757#2,6
8100.0,-594658757#2,6
8120.0,-594658757#2,6
8140.0,-594658757#2,6
8160.0,-594658757#2,6
8180.0,-594658757#2,6
8200.0,-594658757#2,6
8220.0,-594658757#2,6
8240.0,-594658757#2,6
8260.0,-594658757#2,6
8280.0,-594658757#2,6
8300.0,-594658757#2,5
8300.0,303647015#0,1
8320.0,-594658757#2,5
8340.0,-594658757#2,5
8360.0,-594658757#2,5
8380.0,-594658757#2,5
8400.0,-594658757#2,5
8420.0,-594658757#2,5
8440.0,-594658757#2,5
8460.0,-594658757#2,5
8480.0,-594658757#2,5
8500.0,-594658757#2,5
8520.0,-594658757#2,5
8540.0,-594658757#2,5
8560.0,-594658757#2,5
8580.0,-594658757#2,5
8600.0,-594658757#2,4
8600.0,303647015#0,1
8620.0,-594658757#2,4
8640.0,-594658757#2,4
8660.0,-594658757#2,4
8680.0,-594658757#2,4
8700.0,-594658757#2,4
8720.0,-594658757#2,4
8740.0,-594658757#2,4
8760.0,-594658757#2,4
8780.0,-594658757#2,4
8800.0,-594658757#2,4
8820.0,-594658757#2,4
8840.0,-594658757#2,4
8860.0,-594658757#2,4
8880.0,-594658757#2,4
8900.0,-594658757#2,4
8920.0,-594658757#2,3
8940.0,-594658757#2,3
8960.0,-594658757#2,3
8980.0,-594658757#2,3
9000.0,-594658757#2,3
9020.0,-594658757#2,3
9040.0,-594658757#2,3
9060.0,-594658757#2,3
9080.0,-594658757#2,3
9100.0,-594658757#2,3
9120.0,-594658757#2,3
9140.0,-594658757#2,3
9160.0,-594658757#2,3
9180.0,-594658757#2,3
9200.0,-594658757#2,3
9220.0,-594658757#2,2
9220.0,303647015#0,1
9240.0,-594658757#2,2
9260.0,-594658757#2,2
9280.0,-594658757#2,2
9300.0,-594658757#2,2
9320.0,-594658757#2,2
9340.0,-594658757#2,2
9360.0,-594658757#2,2
9380.0,-594658757#2,2
9400.0,-594658757#2,2
9420.0,-594658757#2,2
9440.0,-594658757#2,2
9460.0,-594658757#2,2
9480.0,-594658757#2,2
9500.0,-594658757#2,2
9520.0,-594658757#2,1
9520.0,303647015#0,1
9540.0,-594658757#2,1
9560.0,-594658757#2,1
9580.0,-594658757#2,1
9600.0,-594658757#2,1
9620.0,-594658757#2,1
9640.0,-594658757#2,1
9660.0,-594658757#2,1
9680.0,-594658757#2,1
9700.0,-594658757#2,1
9720.0,-594658757#2,1
