time,edge_id,vehicle_count
60.0,-260882327,1
60.0,-49073264#1,6
60.0,-49695726,5
60.0,-51362430,1
60.0,-545977624#2,3
60.0,-593847703#3,5
60.0,-593847704#2,10
60.0,-594658757#2,2
60.0,1068234498#0,6
60.0,1068234499#0,3
60.0,1068440006#0,2
60.0,1334904386#0,1
60.0,182336887#0,3
60.0,182336887#2,1
60.0,196961215#0,7
60.0,196961215#2,2
60.0,196961377#0,11
60.0,196961377#3,2
60.0,198001764#0,1
60.0,232003903#0,1
60.0,241518668#0,2
60.0,244450512#1,1
60.0,244450512#5,2
60.0,268564473#0,5
60.0,288878926#0,1
60.0,297213521#0,3
60.0,30620492#0,3
60.0,30620492#1,2
60.0,314800955,1
60.0,336063376#0,1
60.0,48794887#0,8
60.0,49073272#0,1
60.0,49073272#4,1
60.0,49695726,2
60.0,49695733#2,3
60.0,506322841#1,2
60.0,506322851#0,5
60.0,51289045#3,1
60.0,51362429#0,3
60.0,51362431,1
60.0,593842812#0,1
60.0,593842812#2,6
60.0,593844221#0,1
60.0,593847703#0,1
60.0,593849711#0,1
60.0,593849711#2,9
60.0,593849718#0,3
60.0,593849721,1
60.0,593852343,1
60.0,593852345#0,9
60.0,594658762#0,1
60.0,906806086#0,1
60.0,:1926948273_0,1
60.0,:2444664370_0,1
60.0,:3086736518_0,1
60.0,:3208478128_0,1
60.0,:622618197_6,1
60.0,:622618230_6,1
60.0,:631668826_0,1
60.0,:655375336_6,2
60.0,:cluster_2528018119_655375236_23,1
60.0,:cluster_2528018119_655375236_7,1
60.0,:cluster_4374470814_4374470816_656132411_656132475_6,1
60.0,:cluster_4374470814_4374470816_656132411_656132475_8,1
60.0,:cluster_623980090_623980094_1,1
60.0,:cluster_623980147_623980152_14,1
60.0,:cluster_623980147_623980152_6,1
60.0,E0,4
80.0,-260882327,1
80.0,-49073264#1,7
80.0,-49695726,4
80.0,-51362430,2
80.0,-545977624#2,4
80.0,-593847703#3,8
80.0,-593847704#2,13
80.0,-594658757#2,5
80.0,1068234498#0,5
80.0,1068440006#0,2
80.0,1239087513,1
80.0,182334378#0,2
80.0,182336887#0,2
80.0,182336887#2,2
80.0,196961215#0,10
80.0,196961377#0,15
80.0,196961377#3,2
80.0,196961378#1,3
80.0,196961379#0,1
80.0,232003903#0,1
80.0,241518668#0,6
80.0,244450512#5,2
80.0,260881641,1
80.0,261898534,1
80.0,268564473#0,7
80.0,288135626#0,2
80.0,288878926#0,4
80.0,297213521#0,3
80.0,303647015#0,1
80.0,30620492#0,4
80.0,30620492#1,5
80.0,314800955,1
80.0,48794887#0,9
80.0,49073272#4,3
80.0,49073274,1
80.0,49695726,3
80.0,49695733#2,3
80.0,506322841#1,2
80.0,506322841#3,2
80.0,506322841#4,1
80.0,506322851#0,6
80.0,51289045#3,1
80.0,51362429#0,6
80.0,51362431,3
80.0,593842812#2,10
80.0,593844221#0,1
80.0,593847703#0,5
80.0,593849711#2,2
80.0,593852343,1
80.0,593852345#0,8
80.0,594658762#0,2
80.0,906806086#0,3
80.0,:1926948273_2,1
80.0,:3086736518_1,1
80.0,:3139322031_0,1
80.0,:3208478121_1,1
80.0,:3208478128_0,2
80.0,:619136999_2,1
80.0,:622618108_0,1
80.0,:631668826_0,1
80.0,:655375232_6,1
80.0,:655375233_0,1
80.0,:655375336_9,1
80.0,:656132414_0,1
80.0,:cluster_2528018119_655375236_0,1
80.0,:cluster_2528018119_655375236_2,1
80.0,:cluster_3208478133_655375293_655375296_9631728504_#1more_11,1
80.0,:cluster_3431431575_4777363357_655375231_6982059025_3,1
80.0,:cluster_4374470814_4374470816_656132411_656132475_6,1
80.0,:cluster_5372642442_631668976_631668981_631669076_12,4
80.0,:cluster_623980090_623980094_5,1
80.0,E0,4
100.0,-260882327,1
100.0,-49073264#1,9
100.0,-49695726,5
100.0,-51362430,1
100.0,-545977624#2,4
100.0,-593847703#3,8
100.0,-593847704#2,14
100.0,-594658757#2,6
100.0,-E0,1
100.0,1068234498#0,3
100.0,1068234499#0,7
100.0,1068440001,2
100.0,1068440004#1,2
100.0,1068440006#0,2
100.0,1239087513,1
100.0,182334378#0,1
100.0,182334379#0,4
100.0,182336887#0,3
100.0,182336887#2,1
100.0,196961215#0,16
100.0,196961377#0,12
100.0,196961377#3,8
100.0,196961378#1,4
100.0,196961379#0,1
100.0,198001764#0,1
100.0,232003903#0,4
100.0,244450512#5,2
100.0,259080307#0,1
100.0,268564473#0,2
100.0,288135626#0,5
100.0,288878927,2
100.0,297213521#0,2
100.0,30620492#0,10
100.0,30620492#1,5
100.0,314800955,1
100.0,336063376#0,2
100.0,48794887#0,9
100.0,49073272#4,4
100.0,49073274,1
100.0,49695726,3
100.0,49695733#2,2
100.0,506322841#1,2
100.0,506322841#3,3
100.0,506322851#0,5
100.0,51362429#0,9
100.0,51362431,4
100.0,545977624#0,1
100.0,593842812#2,8
100.0,593844216#0,1
100.0,593847703#0,3
100.0,593849711#0,1
100.0,593849711#2,1
100.0,593849718#0,2
100.0,593849721,1
100.0,593852345#0,3
100.0,594658762#0,2
100.0,906806086#0,5
100.0,:11510670762_0,1
100.0,:1926948273_0,1
100.0,:2444664370_0,1
100.0,:3139322031_0,1
100.0,:3208478128_0,2
100.0,:622618108_1,1
100.0,:622618112_0,2
100.0,:655375245_1,1
100.0,:655375336_29,2
100.0,:656132499_0,1
100.0,:cluster_2528018119_655375236_2,2
100.0,:cluster_2528018119_655375236_22,1
100.0,:cluster_3208478133_655375293_655375296_9631728504_#1more_1,4
100.0,:cluster_3431431575_4777363357_655375231_6982059025_12,1
100.0,:cluster_4374470814_4374470816_656132411_656132475_4,1
100.0,:cluster_5372642442_631668976_631668981_631669076_1,1
100.0,:cluster_5372642442_631668976_631668981_631669076_12,1
100.0,:cluster_623980090_623980094_1,2
100.0,E0,4
120.0,-49073264#1,10
120.0,-49695726,4
120.0,-51362429#1,1
120.0,-51362430,1
120.0,-545977624#2,6
120.0,-593847703#3,1
120.0,-593847704#2,19
120.0,-594658757#2,6
120.0,-E0,1
120.0,1068234498#0,7
120.0,1068234499#0,9
120.0,1068440001,5
120.0,1068440004#1,2
120.0,1068440006#0,2
120.0,1239087513,1
120.0,182334378#0,1
120.0,182334379#0,8
120.0,182336887#0,2
120.0,182336887#2,1
120.0,196961215#0,13
120.0,196961215#2,2
120.0,196961377#0,16
120.0,196961377#3,11
120.0,196961379#0,1
120.0,232003903#0,4
120.0,241518668#0,5
120.0,244450512#4,2
120.0,244450512#5,2
120.0,268564473#0,3
120.0,288135626#0,5
120.0,288878926#0,2
120.0,297213521#0,3
120.0,30620492#0,11
120.0,30620492#1,4
120.0,314800955,1
120.0,48794887#0,9
120.0,49073272#3,1
120.0,49073272#4,3
120.0,49073274,1
120.0,49695726,2
120.0,49695733#2,3
120.0,49695736#0,9
120.0,506322841#1,4
120.0,506322841#3,3
120.0,506322851#0,5
120.0,51289045#5,1
120.0,51362429#0,9
120.0,51362431,4
120.0,51392846#0,1
120.0,593842812#0,1
120.0,593847702#0,3
120.0,593847704#0,1
120.0,593849711#2,4
120.0,593849715,1
120.0,593852345#0,6
120.0,594658762#0,1
120.0,906806086#0,5
120.0,:11510670762_0,1
120.0,:1926948273_2,1
120.0,:2444664370_0,1
120.0,:3086736518_9,1
120.0,:3139322031_0,1
120.0,:3208478121_1,2
120.0,:3208478128_0,2
120.0,:619137000_1,1
120.0,:631668826_0,1
120.0,:655375233_5,1
120.0,:655375336_29,3
120.0,:655375336_32,1
120.0,:cluster_3208478133_655375293_655375296_9631728504_#1more_1,1
120.0,:cluster_4374470814_4374470816_656132411_656132475_6,1
120.0,:cluster_619136929_619136942_8,1
120.0,:cluster_623980090_623980094_1,3
120.0,:cluster_623980147_623980152_9,1
120.0,:cluster_9383263990_9383263991_9383263992_9383263993_10,1
120.0,E0,4
140.0,-260882327,1
140.0,-49073264#1,10
140.0,-49695726,4
140.0,-51362430,1
140.0,-545977624#2,4
140.0,-593847703#3,3
140.0,-593847704#2,21
140.0,-594658757#2,7
140.0,-E0,1
140.0,1068234498#0,8
140.0,1068234499#0,5
140.0,1068440001,6
140.0,1068440004#1,1
140.0,1239087513,1
140.0,1334904386#0,1
140.0,182334378#0,2
140.0,182334379#0,10
140.0,182336887#0,1
140.0,196961215#0,21
140.0,196961377#0,23
140.0,196961377#3,11
140.0,196961378#1,4
140.0,198001764#0,1
140.0,232003903#0,4
140.0,241518668#0,4
140.0,244450512#1,1
140.0,244450512#5,1
140.0,259080307#0,1
140.0,268564473#0,5
140.0,288135626#0,6
140.0,288135628#0,7
140.0,288878926#0,5
140.0,297213521#0,3
140.0,30620492#0,9
140.0,30620492#1,3
140.0,336063376#0,1
140.0,353392316#0,4
140.0,48794887#0,10
140.0,49073272#1,2
140.0,49073272#4,3
140.0,49695726,2
140.0,49695733#2,2
140.0,506322840#0,1
140.0,506322841#1,2
140.0,506322841#3,1
140.0,506322851#0,5
140.0,51362429#0,9
140.0,51362431,4
140.0,51392936#0,1
140.0,593842812#0,1
140.0,593842812#2,6
140.0,593847702#0,2
140.0,593849711#0,1
140.0,593849711#2,7
140.0,593849721,1
140.0,593852345#0,3
140.0,594658762#0,2
140.0,906806086#0,5
140.0,:11510670762_0,1
140.0,:1926948273_0,1
140.0,:2081945236_0,1
140.0,:2444664370_0,1
140.0,:3139322031_0,1
140.0,:3208478121_1,1
140.0,:3208478128_0,1
140.0,:622618108_0,1
140.0,:622618108_6,1
140.0,:631668826_0,1
140.0,:cluster_2528018119_655375236_16,3
140.0,:cluster_2528018119_655375236_7,1
140.0,:cluster_2664674491_655375287_655375288_3,1
140.0,:cluster_3208478133_655375293_655375296_9631728504_#1more_15,1
140.0,:cluster_3431431575_4777363357_655375231_6982059025_12,1
140.0,:cluster_3431431575_4777363357_655375231_6982059025_3,1
140.0,:cluster_4374470814_4374470816_656132411_656132475_6,1
140.0,:cluster_5372642442_631668976_631668981_631669076_1,1
140.0,:cluster_5372642442_631668976_631668981_631669076_12,3
140.0,:cluster_623980090_623980094_5,1
140.0,:cluster_623980147_623980152_10,1
140.0,:cluster_9383263990_9383263991_9383263992_9383263993_10,2
140.0,:cluster_9383263990_9383263991_9383263992_9383263993_21,1
140.0,E0,4
160.0,-260882327,1
160.0,-49073264#1,9
160.0,-49695726,4
160.0,-51362430,2
160.0,-545977624#2,3
160.0,-593847703#3,7
160.0,-593847704#2,16
160.0,-594658757#2,7
160.0,-E0,1
160.0,1068234498#0,4
160.0,1068234499#0,4
160.0,1068440001,6
160.0,1334904386#0,1
160.0,182334378#0,5
160.0,182336887#0,3
160.0,182336887#2,1
160.0,196961215#0,22
160.0,196961215#2,5
160.0,196961377#0,27
160.0,196961377#3,11
160.0,196961379#0,1
160.0,232003903#0,4
160.0,244450512#0,1
160.0,244450512#5,2
160.0,268564473#0,1
160.0,288135626#0,9
160.0,297213521#0,3
160.0,30620492#0,6
160.0,30620492#1,3
160.0,353392316#0,4
160.0,484988952#0,1
160.0,48794887#0,8
160.0,49073272#4,6
160.0,49695726,2
160.0,49695733#2,3
160.0,506322840#0,2
160.0,506322841#1,1
160.0,506322841#3,1
160.0,506322841#4,1
160.0,506322851#0,6
160.0,51289045#3,1
160.0,51362429#0,9
160.0,51362431,5
160.0,51392936#0,1
160.0,593842812#0,1
160.0,593842812#2,11
160.0,593847703#0,4
160.0,593849711#0,1
160.0,593849711#2,9
160.0,593852345#0,4
160.0,594658762#0,2
160.0,906806086#0,6
160.0,:1926948273_0,1
160.0,:2081945236_1,1
160.0,:2444664370_0,1
160.0,:2749340167_0,1
160.0,:3086736518_7,1
160.0,:622618108_0,1
160.0,:622618144_4,1
160.0,:622618230_6,1
160.0,:631668826_0,1
160.0,:655375233_0,1
160.0,:cluster_2528018119_655375236_23,1
160.0,:cluster_2528018119_655375236_6,1
160.0,:cluster_3208478133_655375293_655375296_9631728504_#1more_8,3
160.0,:cluster_5372642442_631668976_631668981_631669076_12,2
160.0,:cluster_623980090_623980094_1,2
160.0,:cluster_623980147_623980152_3,1
160.0,:cluster_9383263990_9383263991_9383263992_9383263993_10,1
160.0,:cluster_9383263990_9383263991_9383263992_9383263993_21,1
160.0,E0,4
180.0,-260882327,1
180.0,-49073264#1,7
180.0,-49695726,3
180.0,-545977624#2,3
180.0,-593847703#3,13
180.0,-593847704#2,7
180.0,-594658757#2,8
180.0,-E0,1
180.0,1068234498#0,3
180.0,1068234499#0,4
180.0,1068440001,4
180.0,182334378#0,6
180.0,182336887#0,3
180.0,182336887#2,1
180.0,196961215#0,25
180.0,196961215#2,1
180.0,196961377#0,27
180.0,196961377#3,11
180.0,196961378#1,2
180.0,196961379#0,1
180.0,198001764#0,1
180.0,232003903#0,4
180.0,241518668#0,8
180.0,244450512#1,1
180.0,244450512#5,2
180.0,268564473#0,3
180.0,288135626#0,9
180.0,288878926#0,2
180.0,297213521#0,3
180.0,303647015#0,1
180.0,30620492#0,3
180.0,30620492#1,2
180.0,353392316#0,4
180.0,484988952#0,1
180.0,48794887#0,8
180.0,49073272#4,6
180.0,49695726,3
180.0,49695733#2,3
180.0,506322840#0,2
180.0,506322841#1,2
180.0,506322841#3,2
180.0,506322851#0,5
180.0,51289045#3,1
180.0,51362359#0,1
180.0,51362429#0,9
180.0,51362431,6
180.0,51392936#0,1
180.0,593842812#0,2
180.0,593842812#2,13
180.0,593844221#0,1
180.0,593847703#0,14
180.0,593849711#0,3
180.0,593849711#2,13
180.0,593852345#0,4
180.0,593852346,2
180.0,594658762#0,2
180.0,906806086#0,7
180.0,:11510670762_0,1
180.0,:1926948273_0,1
180.0,:2444664370_0,1
180.0,:3086736518_7,1
180.0,:3139322031_0,1
180.0,:622618108_1,1
180.0,:631668826_0,1
180.0,:655375233_0,1
180.0,:656132498_0,1
180.0,:cluster_2528018119_655375236_23,1
180.0,:cluster_2528018119_655375236_7,1
180.0,:cluster_3208478133_655375293_655375296_9631728504_#1more_8,5
180.0,:cluster_5372642442_631668976_631668981_631669076_12,2
180.0,:cluster_623980090_623980094_5,1
180.0,:cluster_9383263990_9383263991_9383263992_9383263993_10,1
180.0,:cluster_9383263990_9383263991_9383263992_9383263993_21,1
180.0,E0,4
200.0,-260882327,1
200.0,-49073264#1,6
200.0,-49695726,5
200.0,-51362430,1
200.0,-545977624#2,3
200.0,-593847703#3,16
200.0,-593847704#2,10
200.0,-594658757#2,8
200.0,1068234498#0,8
200.0,1068234499#0,8
200.0,1068440001,5
200.0,182334378#0,7
200.0,182334379#0,2
200.0,182336887#0,3
200.0,182336887#2,1
200.0,196961215#0,25
200.0,196961215#2,5
200.0,196961377#0,27
200.0,196961377#3,11
200.0,196961379#0,1
200.0,198001764#0,1
200.0,232003903#0,4
200.0,241518668#0,1
200.0,244450512#4,2
200.0,244450512#5,2
200.0,268564473#0,1
200.0,288135626#0,5
200.0,288135628#0,3
200.0,288878926#0,2
200.0,288878927,1
200.0,297213521#0,3
200.0,30620492#0,4
200.0,30620492#1,2
200.0,336063376#0,2
200.0,353392316#0,3
200.0,484988952#0,2
200.0,48794887#0,10
200.0,49073272#1,1
200.0,49073272#3,2
200.0,49073272#4,2
200.0,49695726,3
200.0,49695733#2,2
200.0,506322841#1,3
200.0,506322841#3,3
200.0,506322851#0,5
200.0,506322853#0,1
200.0,51289045#3,1
200.0,51362429#0,9
200.0,51362431,7
200.0,593842812#0,5
200.0,593842812#2,14
200.0,593844221#0,1
200.0,593847703#0,12
200.0,593849711#0,4
200.0,593849711#2,16
200.0,593852345#0,4
200.0,593852346,2
200.0,594658762#0,1
200.0,906806086#0,9
200.0,:11510670762_0,1
200.0,:1926948273_0,1
200.0,:2444664370_0,2
200.0,:3086736518_14,1
200.0,:3139322031_0,1
200.0,:622618015_0,1
200.0,:622618108_8,1
200.0,:cluster_2528018119_655375236_2,2
200.0,:cluster_2528018119_655375236_22,1
200.0,:cluster_3208478133_655375293_655375296_9631728504_#1more_8,5
200.0,:cluster_3431431575_4777363357_655375231_6982059025_3,1
200.0,:cluster_4374470814_4374470816_656132411_656132475_6,1
200.0,:cluster_619136929_619136942_8,1
200.0,:cluster_623980147_623980152_6,1
200.0,E0,4
220.0,-49073264#1,2
220.0,-49695726,5
220.0,-51362430,2
220.0,-545977624#2,4
220.0,-593847703#3,16
220.0,-593847704#2,14
220.0,-594658757#2,8
220.0,1068234498#0,7
220.0,1068234499#0,9
220.0,1068440001,6
220.0,182334378#0,7
220.0,182334379#0,6
220.0,182336887#0,3
220.0,182336887#2,1
220.0,196961215#0,20
220.0,196961215#2,2
220.0,196961377#0,27
220.0,196961377#3,11
220.0,198001764#0,1
220.0,232003903#0,4
220.0,241518668#0,2
220.0,244450512#0,1
220.0,244450512#4,1
220.0,244450512#5,2
220.0,268564473#0,3
220.0,288135626#0,8
220.0,288135628#0,1
220.0,288878926#0,4
220.0,297213521#0,3
220.0,30620492#0,5
220.0,30620492#1,5
220.0,336063376#0,3
220.0,353392316#0,6
220.0,484988952#0,1
220.0,48794887#0,9
220.0,49073272#3,1
220.0,49073272#4,2
220.0,49073274,1
220.0,49695726,2
220.0,49695733#2,3
220.0,506322841#1,2
220.0,506322841#3,3
220.0,506322851#0,4
220.0,506322853#0,1
220.0,51289045#3,1
220.0,51362359#0,1
220.0,51362429#0,5
220.0,51362431,7
220.0,593842812#0,9
220.0,593842812#2,14
220.0,593844221#0,1
220.0,593847703#0,5
220.0,593849711#0,4
220.0,593849711#2,22
220.0,593852345#0,7
220.0,594658762#0,2
220.0,906806086#0,12
220.0,:11510670762_0,1
220.0,:1926948273_0,1
220.0,:2444664370_0,1
220.0,:3086736518_1,1
220.0,:3086736518_16,1
220.0,:3139322031_0,1
220.0,:3208478128_0,2
220.0,:631668826_0,1
220.0,:655375232_1,1
220.0,:656132476_1,1
220.0,:cluster_2528018119_655375236_2,3
220.0,:cluster_3208478133_655375293_655375296_9631728504_#1more_8,5
220.0,:cluster_3431431575_4777363357_655375231_6982059025_12,1
220.0,:cluster_5372642442_631668976_631668981_631669076_1,1
220.0,:cluster_5372642442_631668976_631668981_631669076_12,2
220.0,:cluster_5372642442_631668976_631668981_631669076_26,1
220.0,:cluster_623980090_623980094_1,2
220.0,:cluster_623980147_623980152_14,1
220.0,E0,5
240.0,-260882327,1
240.0,-49073264#1,3
240.0,-49695726,5
240.0,-51362430,3
240.0,-545977624#2,9
240.0,-593847703#3,16
240.0,-593847704#2,18
240.0,-594658757#2,8
240.0,1068234498#0,5
240.0,1068234499#0,10
240.0,1068440001,6
240.0,1068440004#1,2
240.0,1068440006#0,2
240.0,1334904386#0,1
240.0,182334378#0,4
240.0,182334379#0,5
240.0,182336887#0,3
240.0,196961215#0,17
240.0,196961215#2,3
240.0,196961377#0,27
240.0,196961377#3,11
240.0,196961379#0,1
240.0,198001764#0,2
240.0,232003903#0,3
240.0,241518668#0,7
240.0,244450512#4,1
240.0,244450512#5,2
240.0,268564473#0,5
240.0,288135626#0,16
240.0,288135628#0,3
240.0,288878926#0,3
240.0,297213521#0,3
240.0,30620492#0,5
240.0,30620492#1,2
240.0,353392316#0,6
240.0,484988952#0,1
240.0,48794887#0,8
240.0,49073272#0,1
240.0,49073272#4,3
240.0,49695726,3
240.0,49695733#2,2
240.0,506322840#0,2
240.0,506322841#1,3
240.0,506322841#3,2
240.0,506322851#0,6
240.0,506322853#0,2
240.0,51289045#3,1
240.0,51362429#0,3
240.0,51362431,9
240.0,593842812#0,9
240.0,593842812#2,14
240.0,593844221#0,1
240.0,593849711#0,4
240.0,593849711#2,23
240.0,593852345#0,10
240.0,594658762#0,1
240.0,906806086#0,14
240.0,:11510670762_0,1
240.0,:2444664370_0,1
240.0,:2749340167_0,1
240.0,:3086736518_0,1
240.0,:3139322031_0,1
240.0,:3208478128_0,2
240.0,:655375232_0,1
240.0,:655375232_11,1
240.0,:655375336_40,1
240.0,:cluster_2528018119_655375236_1,1
240.0,:cluster_2528018119_655375236_2,1
240.0,:cluster_3208478133_655375293_655375296_9631728504_#1more_11,2
240.0,:cluster_3208478133_655375293_655375296_9631728504_#1more_14,1
240.0,:cluster_3208478133_655375293_655375296_9631728504_#1more_8,5
240.0,:cluster_5372642442_631668976_631668981_631669076_1,1
240.0,:cluster_623980090_623980094_1,1
240.0,:cluster_9383263990_9383263991_9383263992_9383263993_10,2
240.0,:cluster_9383263990_9383263991_9383263992_9383263993_21,1
240.0,E0,10
260.0,-260882327,1
260.0,-49073264#1,3
260.0,-49695726,5
260.0,-51362430,5
260.0,-545977624#2,13
260.0,-593847703#3,16
260.0,-593847704#2,19
260.0,-594658757#2,10
260.0,1068234498#0,8
260.0,1068234499#0,10
260.0,1068440001,5
260.0,1068440004#1,2
260.0,1068440006#0,6
260.0,1239087513,1
260.0,182334378#0,4
260.0,182336887#0,3
260.0,182336887#2,1
260.0,196961215#0,21
260.0,196961215#2,4
260.0,196961377#0,27
260.0,196961377#3,11
260.0,196961378#1,4
260.0,196961379#0,1
260.0,198001764#0,2
260.0,232003903#0,4
260.0,241518668#0,3
260.0,244450512#1,2
260.0,244450512#4,1
260.0,244450512#5,2
260.0,268564473#0,5
260.0,288135626#0,15
260.0,288135628#0,2
260.0,288878926#0,1
260.0,288878927,1
260.0,297213521#0,2
260.0,303647015#0,1
260.0,30620492#0,4
260.0,30620492#1,2
260.0,336063376#0,2
260.0,353392316#0,6
260.0,48794887#0,9
260.0,49073272#0,1
260.0,49073272#3,2
260.0,49073272#4,3
260.0,49695726,2
260.0,49695733#2,4
260.0,49695736#0,1
260.0,506322840#0,2
260.0,506322841#1,2
260.0,506322841#3,1
260.0,506322851#0,5
260.0,506322853#0,4
260.0,506322857#0,1
260.0,51362359#0,1
260.0,51362429#0,2
260.0,51362431,9
260.0,593842812#0,9
260.0,593842812#2,14
260.0,593844216#0,2
260.0,593844221#0,1
260.0,593849711#0,4
260.0,593849711#2,27
260.0,593852345#0,5
260.0,593852346,4
260.0,594658762#0,2
260.0,906806086#0,4
260.0,:11510670762_0,1
260.0,:2444664370_0,1
260.0,:2749340167_0,1
260.0,:3086736518_1,1
260.0,:3139322031_0,1
260.0,:3208478128_0,2
260.0,:622618108_1,1
260.0,:622618144_1,1
260.0,:631668826_0,1
260.0,:655375232_1,1
260.0,:655375239_0,1
260.0,:655375336_29,1
260.0,:656132499_0,1
260.0,:cluster_2528018119_655375236_16,1
260.0,:cluster_2528018119_655375236_6,1
260.0,:cluster_2528018119_655375236_7,1
260.0,:cluster_3208478133_655375293_655375296_9631728504_#1more_14,1
260.0,:cluster_3431431575_4777363357_655375231_6982059025_12,1
260.0,:cluster_5372642442_631668976_631668981_631669076_1,1
260.0,:cluster_5372642442_631668976_631668981_631669076_12,1
260.0,:cluster_623980090_623980094_5,1
260.0,:cluster_623980147_623980152_3,1
260.0,:cluster_9383263990_9383263991_9383263992_9383263993_10,1
260.0,:cluster_9383263990_9383263991_9383263992_9383263993_21,1
260.0,E0,14
280.0,-260882327,1
280.0,-49073264#1,4
280.0,-49695726,5
280.0,-51362430,7
280.0,-545977624#2,17
280.0,-593847703#3,18
280.0,-593847704#2,21
280.0,-594658757#2,10
280.0,1068234498#0,11
280.0,1068234499#0,9
280.0,1068440001,5
280.0,1068440004#1,2
280.0,1068440006#0,6
280.0,1239087513,1
280.0,182334378#0,7
280.0,182334379#0,4
280.0,182336887#0,3
280.0,182336887#2,1
280.0,196961215#0,26
280.0,196961215#2,4
280.0,196961377#0,27
280.0,196961377#3,8
280.0,196961378#1,1
280.0,196961379#0,1
280.0,198001764#0,1
280.0,232003903#0,4
280.0,244450512#4,3
280.0,244450512#5,2
280.0,263217604#0,1
280.0,268564473#0,1
280.0,288135626#0,15
280.0,288135628#0,3
280.0,288878927,1
280.0,297213521#0,3
280.0,30620492#0,3
280.0,353392316#0,4
280.0,484988952#0,1
280.0,48794887#0,9
280.0,49073272#1,1
280.0,49073272#4,2
280.0,49695726,3
280.0,49695733#0,1
280.0,49695733#2,3
280.0,49695736#0,4
280.0,506322840#0,2
280.0,506322841#1,2
280.0,506322841#3,2
280.0,506322851#0,5
280.0,506322853#0,4
280.0,51362429#0,8
280.0,51362431,10
280.0,51392936#0,1
280.0,545977624#0,1
280.0,593842812#2,8
280.0,593844221#0,1
280.0,593847703#0,3
280.0,593849711#0,4
280.0,593849711#2,22
280.0,593849718#0,2
280.0,593849721,1
280.0,593852345#0,3
280.0,594658762#0,1
280.0,906806086#0,2
280.0,:11510670762_0,1
280.0,:2081945236_0,1
280.0,:2444664370_0,1
280.0,:3086736518_1,1
280.0,:3139322031_0,1
280.0,:3208478128_0,2
280.0,:619137000_1,2
280.0,:622618108_0,1
280.0,:622618197_6,1
280.0,:655375232_6,1
280.0,:655375245_1,1
280.0,:655375336_29,4
280.0,:655375336_48,1
280.0,:656132498_0,1
280.0,:cluster_2528018119_655375236_0,1
280.0,:cluster_3208478133_655375293_655375296_9631728504_#1more_1,4
280.0,:cluster_5372642442_631668976_631668981_631669076_10,1
280.0,:cluster_5372642442_631668976_631668981_631669076_25,1
280.0,:cluster_623980090_623980094_1,1
280.0,:cluster_623980147_623980152_6,1
280.0,:cluster_9383263990_9383263991_9383263992_9383263993_10,1
280.0,:cluster_9383263990_9383263991_9383263992_9383263993_21,1
280.0,E0,16
300.0,-260882327,1
300.0,-49073264#1,6
300.0,-49695726,3
300.0,-51362430,9
300.0,-545977624#2,11
300.0,-593847703#3,18
300.0,-593847704#2,21
300.0,-594658757#2,10
300.0,1068234498#0,17
300.0,1068234499#0,10
300.0,1068440001,5
300.0,1068440004#1,2
300.0,1068440006#0,6
300.0,1239087513,1
300.0,182334378#0,8
300.0,182334379#0,4
300.0,182336887#0,3
300.0,182336887#2,1
300.0,196961215#0,25
300.0,196961215#2,3
300.0,196961377#0,27
300.0,196961377#3,1
300.0,198001764#0,1
300.0,232003903#0,4
300.0,241518668#0,3
300.0,244450512#0,1
300.0,244450512#4,3
300.0,244450512#5,2
300.0,263217604#0,1
300.0,268564473#0,2
300.0,288135626#0,14
300.0,288878926#0,2
300.0,297213521#0,3
300.0,30620492#0,3
300.0,30620492#1,4
300.0,353392316#0,3
300.0,48794887#0,9
300.0,49073272#4,5
300.0,49695726,3
300.0,49695733#2,2
300.0,49695736#0,14
300.0,506322841#1,2
300.0,506322841#3,2
300.0,506322851#0,5
300.0,506322853#0,5
300.0,51362429#0,9
300.0,51362431,10
300.0,51392936#0,1
300.0,593842812#0,2
300.0,593842812#2,7
300.0,593844221#0,2
300.0,593847703#0,5
300.0,593849711#0,5
300.0,593849711#2,15
300.0,593849718#0,3
300.0,593852345#0,3
300.0,594658762#0,1
300.0,906806086#0,3
300.0,:11510670762_0,1
300.0,:1926948273_0,1
300.0,:2081945236_0,1
300.0,:2444664370_0,1
300.0,:3139322031_0,1
300.0,:3208478128_0,2
300.0,:622618108_0,1
300.0,:622618197_6,1
300.0,:631668826_0,1
300.0,:655375232_6,1
300.0,:655375233_0,2
300.0,:655375245_1,1
300.0,:655375336_29,3
300.0,:656132476_1,1
300.0,:cluster_2528018119_655375236_2,2
300.0,:cluster_3208478133_655375293_655375296_9631728504_#1more_1,2
300.0,:cluster_3431431575_4777363357_655375231_6982059025_12,1
300.0,:cluster_623980090_623980094_1,2
300.0,:cluster_623980147_623980152_3,1
300.0,E0,16
320.0,-49073264#1,6
320.0,-49695726,3
320.0,-51362430,9
320.0,-545977624#2,7
320.0,-593847703#3,18
320.0,-593847704#2,21
320.0,-594658757#2,11
320.0,1068234498#0,12
320.0,1068234499#0,9
320.0,1068440001,4
320.0,1068440004#1,2
320.0,1068440006#0,5
320.0,182334378#0,9
320.0,182334379#0,4
320.0,182336887#0,2
320.0,182336887#2,1
320.0,196961215#0,28
320.0,196961215#2,6
320.0,196961377#0,24
320.0,196961377#3,3
320.0,198001764#0,2
320.0,232003903#0,4
320.0,241518668#0,2
320.0,244450512#0,1
320.0,244450512#4,3
320.0,244450512#5,2
320.0,263217604#0,1
320.0,288135626#0,18
320.0,288135628#0,1
320.0,297213521#0,2
320.0,30620492#0,2
320.0,30620492#1,5
320.0,353392316#0,3
320.0,48794887#0,9
320.0,49073272#4,5
320.0,49695726,3
320.0,49695736#0,11
320.0,506322841#1,2
320.0,506322841#3,3
320.0,506322851#0,5
320.0,506322853#0,5
320.0,51362429#0,9
320.0,51362431,9
320.0,593842812#0,2
320.0,593842812#2,14
320.0,593844221#0,2
320.0,593847703#0,14
320.0,593849711#0,3
320.0,593849711#2,8
320.0,593852345#0,3
320.0,594658757#0,1
320.0,906806086#0,3
320.0,:11510670762_0,1
320.0,:1926948273_2,1
320.0,:2444664370_0,1
320.0,:3086736518_1,1
320.0,:3139322031_0,1
320.0,:3208478128_0,2
320.0,:3431431576_0,2
320.0,:622618108_0,1
320.0,:655375232_6,1
320.0,:655375233_0,1
320.0,:655375245_1,1
320.0,:cluster_2528018119_655375236_16,3
320.0,:cluster_3208478133_655375293_655375296_9631728504_#1more_1,2
320.0,:cluster_3208478133_655375293_655375296_9631728504_#1more_8,2
320.0,:cluster_4374470814_4374470816_656132411_656132475_6,1
320.0,:cluster_5372642442_631668976_631668981_631669076_1,1
320.0,:cluster_623980147_623980152_6,1
320.0,E0,16
340.0,-49695726,3
340.0,-51362430,3
340.0,-545977624#2,1
340.0,-593847703#3,12
340.0,-593847704#2,21
340.0,-594658757#2,11
340.0,1068234498#0,12
340.0,1068234499#0,9
340.0,1068440001,6
340.0,1068440004#1,2
340.0,1068440006#0,5
340.0,182334378#0,10
340.0,182334379#0,13
340.0,182336887#0,3
340.0,182336887#2,1
340.0,196961215#0,22
340.0,196961215#2,12
340.0,196961377#0,16
340.0,196961377#3,11
340.0,198001764#0,1
340.0,232003903#0,4
340.0,241518668#0,4
340.0,244450512#4,4
340.0,244450512#5,2
340.0,263217604#0,1
340.0,288135626#0,17
340.0,288135628#0,1
340.0,297213521#0,1
340.0,30620492#0,2
340.0,30620492#1,5
340.0,353392316#0,1
340.0,48794887#0,8
340.0,49073272#4,3
340.0,49695726,2
340.0,506322841#1,2
340.0,506322851#0,5
340.0,506322853#0,6
340.0,51362429#0,9
340.0,51362431,9
340.0,593842812#0,9
340.0,593842812#2,14
340.0,593844221#0,3
340.0,593847702#0,3
340.0,593847703#0,16
340.0,593847704#0,2
340.0,593849711#2,11
340.0,593852345#0,3
340.0,593852346,2
340.0,906806086#0,3
340.0,:11510670762_0,1
340.0,:1926948273_0,1
340.0,:2081945236_0,1
340.0,:2444664370_0,1
340.0,:3139322031_0,1
340.0,:3208478128_0,2
340.0,:622618015_0,1
340.0,:622618108_0,1
340.0,:631668826_0,1
340.0,:655375233_4,1
340.0,:cluster_2528018119_655375236_2,1
340.0,:cluster_2664674491_655375287_655375288_3,1
340.0,:cluster_3208478133_655375293_655375296_9631728504_#1more_1,2
340.0,:cluster_3208478133_655375293_655375296_9631728504_#1more_8,5
340.0,:cluster_3431431575_4777363357_655375231_6982059025_12,1
340.0,:cluster_619136929_619136942_15,1
340.0,:cluster_623980090_623980094_1,2
340.0,E0,16
360.0,-49695726,1
360.0,-51362430,3
360.0,-545977624#2,1
360.0,-593847703#3,2
360.0,-593847704#2,21
360.0,-594658757#2,11
360.0,1068234498#0,12
360.0,1068234499#0,9
360.0,1068440001,6
360.0,1068440004#1,2
360.0,1068440006#0,5
360.0,182334378#0,10
360.0,182334379#0,5
360.0,182336887#0,3
360.0,182336887#2,1
360.0,196961215#0,24
360.0,196961215#2,3
360.0,196961377#0,22
360.0,196961377#3,11
360.0,196961378#1,2
360.0,198001764#0,1
360.0,232003903#0,4
360.0,241518668#0,3
360.0,244450512#4,5
360.0,244450512#5,2
360.0,263217604#0,1
360.0,288135626#0,17
360.0,288878926#0,1
360.0,30620492#0,1
360.0,30620492#1,2
360.0,336063376#0,2
360.0,353392316#0,5
360.0,48794887#0,9
360.0,49695726,2
360.0,506322841#1,2
360.0,506322841#3,1
360.0,506322851#0,5
360.0,506322853#0,6
360.0,51362429#0,9
360.0,51362431,9
360.0,593842812#0,9
360.0,593842812#2,14
360.0,593844221#0,3
360.0,593847702#0,7
360.0,593847703#0,8
360.0,593847704#0,2
360.0,593849711#0,1
360.0,593849711#2,11
360.0,593852345#0,1
360.0,906806086#0,3
360.0,:11510670762_0,1
360.0,:2081945236_0,1
360.0,:2444664370_0,1
360.0,:2749340167_0,1
360.0,:3139322031_0,1
360.0,:3208478128_0,2
360.0,:622618108_0,1
360.0,:631668826_0,1
360.0,:cluster_2528018119_655375236_2,3
360.0,:cluster_3208478133_655375293_655375296_9631728504_#1more_1,2
360.0,:cluster_3208478133_655375293_655375296_9631728504_#1more_8,5
360.0,:cluster_3431431575_4777363357_655375231_6982059025_12,1
360.0,:cluster_5372642442_631668976_631668981_631669076_1,1
360.0,:cluster_623980090_623980094_1,2
360.0,:cluster_623980147_623980152_14,1
360.0,:cluster_623980147_623980152_6,1
360.0,:cluster_9383263990_9383263991_9383263992_9383263993_10,2
360.0,:cluster_9383263990_9383263991_9383263992_9383263993_21,1
360.0,E0,16
380.0,-51362430,3
380.0,-545977624#2,1
380.0,-593847704#2,21
380.0,-594658757#2,10
380.0,1068234498#0,12
380.0,1068234499#0,9
380.0,1068440001,6
380.0,1068440006#0,5
380.0,1334904386#0,1
380.0,182334378#0,10
380.0,182334379#0,12
380.0,182336887#0,3
380.0,196961215#0,15
380.0,196961215#2,3
380.0,196961377#0,27
380.0,196961377#3,10
380.0,198001764#0,1
380.0,232003903#0,4
380.0,241518668#0,4
380.0,244450512#4,5
380.0,244450512#5,2
380.0,263217604#0,1
380.0,288135626#0,17
380.0,288135628#0,2
380.0,336063376#0,1
380.0,353392316#0,1
380.0,48794887#0,9
380.0,506322840#0,2
380.0,506322841#1,1
380.0,506322841#3,2
380.0,506322851#0,6
380.0,506322853#0,6
380.0,51362429#0,9
380.0,51362431,9
380.0,593842812#0,9
380.0,593842812#2,14
380.0,593844221#0,3
380.0,593847703#0,1
380.0,593847704#0,1
380.0,593849711#0,1
380.0,593849711#2,11
380.0,593852345#0,1
380.0,:11510670762_0,1
380.0,:1926948273_0,1
380.0,:2444664370_0,1
380.0,:3139322031_0,1
380.0,:3208478128_0,2
380.0,:622618108_0,1
380.0,:622618197_0,1
380.0,:655375233_11,1
380.0,:655375233_9,1
380.0,:cluster_2528018119_655375236_2,3
380.0,:cluster_3208478133_655375293_655375296_9631728504_#1more_1,2
380.0,:cluster_3208478133_655375293_655375296_9631728504_#1more_8,5
380.0,:cluster_3431431575_4777363357_655375231_6982059025_12,1
380.0,:cluster_3431431575_4777363357_655375231_6982059025_3,1
380.0,:cluster_5372642442_631668976_631668981_631669076_10,1
380.0,:cluster_5372642442_631668976_631668981_631669076_25,1
380.0,:cluster_623980090_623980094_1,1
380.0,:cluster_623980147_623980152_6,1
380.0,E0,15
400.0,-51362429#1,1
400.0,-51362430,3
400.0,-545977624#2,1
400.0,-593847704#2,16
400.0,-594658757#2,10
400.0,1068234498#0,12
400.0,1068234499#0,9
400.0,1068440001,6
400.0,1068440006#0,5
400.0,1334904386#0,1
400.0,182334378#0,10
400.0,182334379#0,3
400.0,182336887#0,2
400.0,182336887#2,1
400.0,196961215#0,6
400.0,196961215#2,4
400.0,196961377#0,27
400.0,196961377#3,3
400.0,232003903#0,3
400.0,241518668#0,1
400.0,244450512#4,5
400.0,244450512#5,2
400.0,263217604#0,1
400.0,288135626#0,17
400.0,288135628#0,11
400.0,288878926#0,4
400.0,336063376#0,3
400.0,48794887#0,8
400.0,506322851#0,6
400.0,506322853#0,6
400.0,51362429#0,9
400.0,51362431,9
400.0,593842812#0,9
400.0,593842812#2,14
400.0,593844221#0,3
400.0,593847703#0,3
400.0,593849711#0,1
400.0,593849711#2,11
400.0,593849718#0,3
400.0,593852345#0,1
400.0,:11510670762_0,1
400.0,:2444664370_0,1
400.0,:2664674480_0,1
400.0,:3086736518_7,1
400.0,:3208478128_0,2
400.0,:622618108_0,1
400.0,:622618197_0,1
400.0,:655375233_0,1
400.0,:cluster_3208478133_655375293_655375296_9631728504_#1more_1,2
400.0,:cluster_3208478133_655375293_655375296_9631728504_#1more_8,5
400.0,:cluster_5372642442_631668976_631668981_631669076_1,1
400.0,:cluster_623980090_623980094_1,1
400.0,E0,15
420.0,-51362429#1,1
420.0,-51362430,3
420.0,-545977624#2,1
420.0,-593847703#3,3
420.0,-593847704#2,7
420.0,-594658757#2,11
420.0,-E0,1
420.0,1068234498#0,12
420.0,1068234499#0,4
420.0,1068440001,6
420.0,1068440004#1,1
420.0,1068440006#0,5
420.0,1334904386#0,1
420.0,182334378#0,8
420.0,182334379#0,1
420.0,196961215#0,3
420.0,196961215#2,3
420.0,196961377#0,20
420.0,196961377#3,6
420.0,196961378#1,1
420.0,232003903#0,3
420.0,241518668#0,1
420.0,244450512#4,5
420.0,244450512#5,2
420.0,263217604#0,1
420.0,288135626#0,14
420.0,288878926#0,2
420.0,303647015#0,1
420.0,48794887#0,11
420.0,506322853#0,6
420.0,51362429#0,9
420.0,51362431,9
420.0,593842812#0,9
420.0,593842812#2,14
420.0,593844221#0,3
420.0,593847703#0,13
420.0,593849711#2,11
420.0,593849715,1
420.0,:11510670762_0,1
420.0,:2444664370_0,1
420.0,:3086736518_7,1
420.0,:3208478128_0,2
420.0,:619136999_2,1
420.0,:622618108_1,1
420.0,:655375233_0,1
420.0,:655375336_9,1
420.0,:656132414_3,1
420.0,:cluster_2528018119_655375236_6,1
420.0,:cluster_2528018119_655375236_7,1
420.0,:cluster_3208478133_655375293_655375296_9631728504_#1more_1,2
420.0,:cluster_3208478133_655375293_655375296_9631728504_#1more_11,1
420.0,:cluster_3208478133_655375293_655375296_9631728504_#1more_14,1
420.0,:cluster_3208478133_655375293_655375296_9631728504_#1more_8,5
420.0,:cluster_623980090_623980094_1,2
420.0,:cluster_623980147_623980152_14,1
420.0,E0,15
440.0,-51362430,3
440.0,-545977624#2,1
440.0,-593847703#3,7
440.0,-593847704#2,9
440.0,-594658757#2,11
440.0,-E0,3
440.0,1068234498#0,5
440.0,1068234499#0,4
440.0,1068440001,6
440.0,1068440004#1,5
440.0,1068440006#0,5
440.0,1334904386#0,1
440.0,182334378#0,6
440.0,196961377#0,17
440.0,196961377#3,11
440.0,232003903#0,3
440.0,244450512#4,5
440.0,244450512#5,2
440.0,263217604#0,1
440.0,288135626#0,9
440.0,288135628#0,1
440.0,288878926#0,7
440.0,336063376#0,3
440.0,484988951#0,1
440.0,48794887#0,8
440.0,49073272#3,1
440.0,49073272#4,1
440.0,506322853#0,6
440.0,51362429#0,9
440.0,51362431,9
440.0,593842812#0,9
440.0,593842812#2,14
440.0,593844221#0,2
440.0,593847703#0,17
440.0,593849711#2,11
440.0,:11510670762_0,1
440.0,:2444664370_0,1
440.0,:3086736518_14,1
440.0,:3208478121_1,1
440.0,:3208478128_0,2
440.0,:619137000_1,1
440.0,:655375336_29,2
440.0,:cluster_2528018119_655375236_23,1
440.0,:cluster_2528018119_655375236_6,1
440.0,:cluster_3208478133_655375293_655375296_9631728504_#1more_1,1
440.0,:cluster_3208478133_655375293_655375296_9631728504_#1more_11,1
440.0,:cluster_3208478133_655375293_655375296_9631728504_#1more_14,1
440.0,:cluster_3208478133_655375293_655375296_9631728504_#1more_8,5
440.0,:cluster_5372642442_631668976_631668981_631669076_12,4
440.0,:cluster_623980147_623980152_14,1
440.0,E0,15
460.0,-51362430,3
460.0,-545977624#2,1
460.0,-593847703#3,14
460.0,-593847704#2,9
460.0,-594658757#2,13
460.0,1068234499#0,8
460.0,1068440001,5
460.0,1068440004#1,5
460.0,1068440006#0,5
460.0,1239087513,1
460.0,1334904386#0,2
460.0,182334378#0,6
460.0,182334379#0,4
460.0,196961377#0,24
460.0,196961377#3,11
460.0,232003903#0,4
460.0,244450512#4,5
460.0,244450512#5,2
460.0,263217604#0,1
460.0,288135626#0,8
460.0,48794887#0,2
460.0,49073272#4,4
460.0,506322853#0,6
460.0,51362429#0,6
460.0,51362431,9
460.0,593842812#0,9
460.0,593842812#2,14
460.0,593844216#0,1
460.0,593844221#0,1
460.0,593847703#0,17
460.0,593847704#0,3
460.0,593849711#2,11
460.0,:11510670762_0,1
460.0,:2444664370_0,1
460.0,:3086736518_0,1
460.0,:3208478128_0,1
460.0,:622618230_6,1
460.0,:655375232_1,1
460.0,:655375336_47,1
460.0,:cluster_2528018119_655375236_6,1
460.0,:cluster_3208478133_655375293_655375296_9631728504_#1more_14,1
460.0,:cluster_3208478133_655375293_655375296_9631728504_#1more_8,1
460.0,:cluster_623980147_623980152_15,1
460.0,E0,16
480.0,-260882327,1
480.0,-51362430,3
480.0,-593847703#3,15
480.0,-593847704#2,9
480.0,-594658757#2,16
480.0,1068234499#0,9
480.0,1068440001,5
480.0,1068440004#1,5
480.0,1068440006#0,7
480.0,1239087513,1
480.0,1334904386#0,2
480.0,182334378#0,6
480.0,182334379#0,4
480.0,196961377#0,27
480.0,196961377#3,7
480.0,232003903#0,4
480.0,244450512#4,4
480.0,244450512#5,2
480.0,263217604#0,1
480.0,288135626#0,7
480.0,353392316#0,2
480.0,49073272#4,1
480.0,49695736#0,5
480.0,506322853#0,6
480.0,51362429#0,7
480.0,51362431,9
480.0,593842812#0,1
480.0,593842812#2,8
480.0,593844221#0,1
480.0,593847703#0,11
480.0,593849711#2,11
480.0,593849718#0,4
480.0,:11510670762_0,1
480.0,:2444664370_0,1
480.0,:3208478128_0,2
480.0,:622618230_1,1
480.0,:655375336_29,4
480.0,:655375336_48,1
480.0,:656132498_0,1
480.0,:cluster_2528018119_655375236_2,2
480.0,:cluster_2528018119_655375236_22,1
480.0,:cluster_3208478133_655375293_655375296_9631728504_#1more_1,3
480.0,:cluster_4374470814_4374470816_656132411_656132475_4,1
480.0,:cluster_619136929_619136942_8,1
480.0,E0,20
500.0,-51362430,3
500.0,-593847703#3,15
500.0,-593847704#2,9
500.0,-594658757#2,16
500.0,1068234499#0,9
500.0,1068440001,5
500.0,1068440004#1,5
500.0,1068440006#0,5
500.0,1239087513,1
500.0,182334378#0,7
500.0,182334379#0,7
500.0,196961377#0,26
500.0,232003903#0,4
500.0,244450512#4,4
500.0,244450512#5,2
500.0,263217604#0,1
500.0,288135626#0,7
500.0,288135628#0,1
500.0,303647015#0,2
500.0,353392316#0,4
500.0,49695736#0,14
500.0,506322853#0,6
500.0,51362429#0,9
500.0,51362431,9
500.0,593842812#2,5
500.0,593844221#0,2
500.0,593847703#0,5
500.0,593849711#2,6
500.0,593849718#0,3
500.0,:11510670762_0,1
500.0,:2444664370_0,1
500.0,:3208478128_0,2
500.0,:619136999_2,1
500.0,:655375232_6,1
500.0,:655375233_0,2
500.0,:655375336_1,2
500.0,:655375336_29,1
500.0,:655375336_48,1
500.0,:cluster_2528018119_655375236_2,2
500.0,:cluster_2528018119_655375236_22,1
500.0,:cluster_3208478133_655375293_655375296_9631728504_#1more_1,1
500.0,E0,20
520.0,-51362430,3
520.0,-593847703#3,15
520.0,-593847704#2,9
520.0,-594658757#2,20
520.0,1068234499#0,9
520.0,1068440001,5
520.0,1068440004#1,5
520.0,1239087513,1
520.0,1334904386#0,2
520.0,182334378#0,7
520.0,182334379#0,14
520.0,196961377#0,17
520.0,196961377#3,10
520.0,232003903#0,4
520.0,244450512#4,4
520.0,244450512#5,2
520.0,263217604#0,1
520.0,288135626#0,7
520.0,288135628#0,3
520.0,49695736#0,16
520.0,506322853#0,6
520.0,51362429#0,9
520.0,51362431,9
520.0,593842812#2,5
520.0,593844221#0,2
520.0,593847703#0,8
520.0,:11510670762_0,1
520.0,:2444664370_0,1
520.0,:3208478128_0,2
520.0,:655375336_36,1
520.0,:cluster_2528018119_655375236_2,2
520.0,:cluster_3208478133_655375293_655375296_9631728504_#1more_1,1
520.0,E0,20
540.0,-593847703#3,10
540.0,-593847704#2,9
540.0,-594658757#2,20
540.0,1068234499#0,6
540.0,1068440001,3
540.0,1068440004#1,5
540.0,1334904386#0,3
540.0,182334378#0,7
540.0,182334379#0,6
540.0,196961377#0,20
540.0,196961377#3,11
540.0,232003903#0,4
540.0,244450512#4,4
540.0,244450512#5,2
540.0,263217604#0,1
540.0,288135626#0,7
540.0,288135628#0,4
540.0,49695736#0,7
540.0,506322853#0,6
540.0,51362429#0,9
540.0,51362431,9
540.0,593842812#2,5
540.0,593844221#0,3
540.0,593847703#0,8
540.0,593847704#0,2
540.0,:11510670762_0,1
540.0,:2444664370_0,1
540.0,:3086736518_19,1
540.0,:3086736518_9,1
540.0,:3208478128_0,2
540.0,:655375233_4,2
540.0,:cluster_2528018119_655375236_16,4
540.0,:cluster_2528018119_655375236_23,1
540.0,:cluster_2528018119_655375236_6,1
540.0,:cluster_3208478133_655375293_655375296_9631728504_#1more_1,1
540.0,:cluster_3208478133_655375293_655375296_9631728504_#1more_8,5
540.0,:cluster_5372642442_631668976_631668981_631669076_1,1
540.0,E0,20
560.0,-593847703#3,6
560.0,-593847704#2,9
560.0,-594658757#2,20
560.0,1068234499#0,7
560.0,1068440001,3
560.0,1068440004#1,5
560.0,1334904386#0,3
560.0,182334378#0,7
560.0,182334379#0,10
560.0,196961377#0,26
560.0,196961377#3,10
560.0,232003903#0,4
560.0,244450512#4,4
560.0,244450512#5,2
560.0,263217604#0,1
560.0,288135626#0,3
560.0,506322853#0,5
560.0,51362429#0,9
560.0,51362431,9
560.0,593842812#2,5
560.0,593844221#0,3
560.0,593847702#0,3
560.0,593847703#0,7
560.0,593847704#0,3
560.0,668037874,1
560.0,:11510670762_0,1
560.0,:2444664370_0,1
560.0,:3086736518_9,1
560.0,:3208478128_0,2
560.0,:622618108_6,1
560.0,:622618197_6,1
560.0,:655375233_4,1
560.0,:655375233_5,1
560.0,:cluster_2528018119_655375236_2,1
560.0,:cluster_3208478133_655375293_655375296_9631728504_#1more_1,1
560.0,:cluster_3208478133_655375293_655375296_9631728504_#1more_8,5
560.0,E0,20
580.0,-593847704#2,9
580.0,-594658757#2,20
580.0,1068234499#0,9
580.0,1068440001,3
580.0,1068440004#1,5
580.0,182334378#0,7
580.0,182334379#0,6
580.0,196961377#0,27
580.0,196961377#3,3
580.0,232003903#0,4
580.0,244450512#4,4
580.0,244450512#5,2
580.0,263217604#0,1
580.0,288135626#0,1
580.0,288135628#0,1
580.0,303647015#0,3
580.0,506322853#0,5
580.0,51362429#0,9
580.0,51362431,9
580.0,593842812#2,5
580.0,593844221#0,3
580.0,593847702#0,2
580.0,593847704#0,4
580.0,593849718#0,2
580.0,668037874,1
580.0,:11510670762_0,1
580.0,:2444664370_0,1
580.0,:3208478128_0,2
580.0,:622618108_6,1
580.0,:622618197_0,1
580.0,:cluster_2528018119_655375236_2,2
580.0,:cluster_3208478133_655375293_655375296_9631728504_#1more_1,1
580.0,:cluster_3208478133_655375293_655375296_9631728504_#1more_8,5
580.0,E0,20
600.0,-593847704#2,8
600.0,-594658757#2,20
600.0,1068234499#0,8
600.0,1068440001,3
600.0,1068440004#1,1
600.0,182334378#0,4
600.0,182334379#0,8
600.0,196961377#0,24
600.0,196961377#3,2
600.0,232003903#0,3
600.0,244450512#4,4
600.0,244450512#5,2
600.0,288135626#0,1
600.0,506322853#0,5
600.0,51362429#0,9
600.0,51362431,9
600.0,593842812#2,5
600.0,593844221#0,3
600.0,593847702#0,4
600.0,593847704#0,1
600.0,668037874,1
600.0,:11510670762_0,1
600.0,:2444664370_0,1
600.0,:3086736518_7,1
600.0,:3208478128_0,2
600.0,:619136999_2,1
600.0,:655375336_16,1
600.0,:655375336_9,1
600.0,:cluster_2528018119_655375236_6,1
600.0,:cluster_3208478133_655375293_655375296_9631728504_#1more_1,1
600.0,:cluster_3208478133_655375293_655375296_9631728504_#1more_14,1
600.0,:cluster_3208478133_655375293_655375296_9631728504_#1more_8,5
600.0,E0,20
620.0,-593847703#3,6
620.0,-594658757#2,21
620.0,-E0,2
620.0,1068234499#0,3
620.0,1068440001,3
620.0,1068440004#1,4
620.0,182334378#0,1
620.0,196961377#0,16
620.0,196961377#3,11
620.0,232003903#0,3
620.0,244450512#4,4
620.0,244450512#5,2
620.0,506322853#0,5
620.0,51362429#0,9
620.0,51362431,8
620.0,593842812#2,5
620.0,593844221#0,1
620.0,593847703#0,9
620.0,594658760#0,1
620.0,668037874,1
620.0,:11510670762_0,1
620.0,:3208478128_0,2
620.0,:655375336_29,2
620.0,:cluster_2528018119_655375236_6,1
620.0,:cluster_3208478133_655375293_655375296_9631728504_#1more_1,1
620.0,:cluster_3208478133_655375293_655375296_9631728504_#1more_14,1
620.0,:cluster_3208478133_655375293_655375296_9631728504_#1more_8,5
620.0,E0,20
640.0,-593847703#3,10
640.0,-594658757#2,23
640.0,1068440001,2
640.0,1068440004#1,4
640.0,1239087513,1
640.0,1334904386#0,1
640.0,182334378#0,1
640.0,182334379#0,1
640.0,196961377#0,22
640.0,196961377#3,11
640.0,232003903#0,4
640.0,244450512#4,4
640.0,244450512#5,2
640.0,49695736#0,2
640.0,506322853#0,5
640.0,51362429#0,9
640.0,51362431,8
640.0,593842812#2,5
640.0,593844221#0,1
640.0,593847703#0,7
640.0,593847704#0,2
640.0,668037874,1
640.0,:11510670762_0,1
640.0,:3208478128_0,2
640.0,:655375336_28,1
640.0,:cluster_2528018119_655375236_2,2
640.0,:cluster_3208478133_655375293_655375296_9631728504_#1more_14,1
640.0,:cluster_3208478133_655375293_655375296_9631728504_#1more_8,1
640.0,E0,20
660.0,-260882327,1
660.0,-593847703#3,10
660.0,-594658757#2,24
660.0,1068440001,2
660.0,1068440004#1,4
660.0,1239087513,1
660.0,1334904386#0,1
660.0,182334378#0,1
660.0,182334379#0,7
660.0,196961377#0,27
660.0,196961377#3,7
660.0,232003903#0,4
660.0,244450512#4,4
660.0,244450512#5,2
660.0,49695736#0,5
660.0,506322853#0,5
660.0,51362429#0,9
660.0,51362431,8
660.0,593842812#2,1
660.0,593844221#0,1
660.0,593849718#0,3
660.0,668037874,1
660.0,:11510670762_0,1
660.0,:3208478128_0,2
660.0,:655375336_29,1
660.0,:cluster_2528018119_655375236_2,2
660.0,:cluster_3208478133_655375293_655375296_9631728504_#1more_8,1
660.0,E0,20
680.0,-593847703#3,5
680.0,-594658757#2,23
680.0,1068440001,2
680.0,1068440004#1,4
680.0,1239087513,1
680.0,1334904386#0,1
680.0,182334378#0,1
680.0,196961377#0,27
680.0,232003903#0,4
680.0,244450512#4,4
680.0,244450512#5,2
680.0,288135628#0,7
680.0,303647015#0,2
680.0,49695736#0,3
680.0,506322853#0,5
680.0,51362429#0,9
680.0,51362431,8
680.0,593842812#2,1
680.0,593844221#0,1
680.0,593847702#0,3
680.0,593847704#0,1
680.0,593849718#0,3
680.0,668037874,1
680.0,:11510670762_0,1
680.0,:3208478128_0,2
680.0,:655375233_5,1
680.0,:cluster_2528018119_655375236_16,3
680.0,:cluster_3208478133_655375293_655375296_9631728504_#1more_8,1
680.0,:cluster_5372642442_631668976_631668981_631669076_1,2
680.0,E0,19
700.0,-594658757#2,24
700.0,1068440004#1,4
700.0,1334904386#0,1
700.0,182334378#0,1
700.0,182334379#0,1
700.0,196961377#0,21
700.0,196961377#3,6
700.0,232003903#0,4
700.0,244450512#4,4
700.0,244450512#5,2
700.0,506322853#0,5
700.0,51362429#0,9
700.0,51362431,8
700.0,593842812#2,1
700.0,593844221#0,1
700.0,593847702#0,1
700.0,593847704#0,2
700.0,668037874,1
700.0,:11510670762_0,1
700.0,:3208478128_0,2
700.0,:cluster_3208478133_655375293_655375296_9631728504_#1more_8,3
700.0,E0,19
720.0,-594658757#2,24
720.0,1334904386#0,1
720.0,182334378#0,1
720.0,196961377#0,17
720.0,196961377#3,11
720.0,232003903#0,4
720.0,244450512#4,4
720.0,244450512#5,2
720.0,506322853#0,5
720.0,51362429#0,9
720.0,51362431,8
720.0,593842812#2,1
720.0,593844221#0,1
720.0,593847702#0,2
720.0,668037874,1
720.0,:3208478128_0,2
720.0,:cluster_3208478133_655375293_655375296_9631728504_#1more_8,4
720.0,E0,19
740.0,-594658757#2,24
740.0,1334904386#0,1
740.0,182334378#0,1
740.0,196961377#0,23
740.0,196961377#3,10
740.0,232003903#0,4
740.0,244450512#4,4
740.0,244450512#5,2
740.0,506322853#0,5
740.0,51362429#0,9
740.0,51362431,8
740.0,593842812#2,1
740.0,593844221#0,1
740.0,593849718#0,1
740.0,668037874,1
740.0,:3208478128_0,2
740.0,:cluster_3208478133_655375293_655375296_9631728504_#1more_8,4
740.0,E0,19
760.0,-594658757#2,24
760.0,-E0,1
760.0,1068440006#0,1
760.0,1334904386#0,1
760.0,196961377#0,26
760.0,196961377#3,4
760.0,232003903#0,3
760.0,244450512#4,4
760.0,244450512#5,2
760.0,506322853#0,5
760.0,51362429#0,9
760.0,51362431,8
760.0,593842812#2,1
760.0,593844216#0,1
760.0,593844221#0,1
760.0,593849718#0,3
760.0,668037874,1
760.0,:3208478128_0,2
760.0,:cluster_3208478133_655375293_655375296_9631728504_#1more_14,1
760.0,:cluster_3208478133_655375293_655375296_9631728504_#1more_8,4
760.0,E0,20
780.0,-594658757#2,24
780.0,-E0,1
780.0,1068440006#0,1
780.0,196961377#0,25
780.0,232003903#0,3
780.0,244450512#4,3
780.0,244450512#5,2
780.0,303647015#0,1
780.0,506322853#0,5
780.0,51362429#0,9
780.0,51362431,8
780.0,545977624#0,1
780.0,593842812#2,1
780.0,593844221#0,1
780.0,668037874,1
780.0,:3208478128_0,2
780.0,:619136999_2,1
780.0,:cluster_3208478133_655375293_655375296_9631728504_#1more_14,2
780.0,:cluster_3208478133_655375293_655375296_9631728504_#1more_8,4
780.0,E0,20
800.0,-594658757#2,24
800.0,-E0,1
800.0,1068440006#0,1
800.0,196961377#0,17
800.0,196961377#3,9
800.0,232003903#0,3
800.0,244450512#4,3
800.0,244450512#5,2
800.0,506322853#0,5
800.0,51362429#0,9
800.0,51362431,8
800.0,593842812#2,1
800.0,593844221#0,1
800.0,668037874,1
800.0,:3208478128_0,2
800.0,:619136999_2,1
800.0,:cluster_3208478133_655375293_655375296_9631728504_#1more_14,2
800.0,:cluster_3208478133_655375293_655375296_9631728504_#1more_8,4
800.0,E0,20
820.0,-594658757#2,24
820.0,1068440006#0,1
820.0,196961377#0,19
820.0,196961377#3,11
820.0,232003903#0,3
820.0,244450512#4,3
820.0,244450512#5,2
820.0,506322853#0,5
820.0,51362429#0,9
820.0,51362431,8
820.0,593842812#2,1
820.0,593844221#0,1
820.0,593847704#0,1
820.0,668037874,1
820.0,:3208478128_0,2
820.0,:cluster_3208478133_655375293_655375296_9631728504_#1more_14,2
820.0,:cluster_3208478133_655375293_655375296_9631728504_#1more_8,4
820.0,E0,20
840.0,-594658757#2,24
840.0,1068440006#0,1
840.0,196961377#0,26
840.0,196961377#3,7
840.0,232003903#0,3
840.0,244450512#4,3
840.0,244450512#5,2
840.0,506322853#0,5
840.0,51362429#0,9
840.0,51362431,8
840.0,593842812#2,1
840.0,593844221#0,1
840.0,593849718#0,2
840.0,668037874,1
840.0,:3208478128_0,2
840.0,:622618197_6,1
840.0,:cluster_3208478133_655375293_655375296_9631728504_#1more_14,2
840.0,:cluster_3208478133_655375293_655375296_9631728504_#1more_8,4
840.0,E0,20
860.0,-594658757#2,24
860.0,1068440006#0,1
860.0,196961377#0,26
860.0,196961377#3,1
860.0,232003903#0,3
860.0,244450512#4,3
860.0,244450512#5,2
860.0,506322853#0,5
860.0,51362429#0,9
860.0,51362431,8
860.0,593842812#2,1
860.0,593844221#0,1
860.0,593849718#0,2
860.0,668037874,1
860.0,:3208478128_0,2
860.0,:622618197_6,1
860.0,:cluster_3208478133_655375293_655375296_9631728504_#1more_14,2
860.0,:cluster_3208478133_655375293_655375296_9631728504_#1more_8,4
860.0,E0,20
880.0,-594658757#2,24
880.0,1068440006#0,1
880.0,196961377#0,24
880.0,196961377#3,2
880.0,232003903#0,3
880.0,244450512#4,3
880.0,244450512#5,2
880.0,49695733#0,2
880.0,506322853#0,2
880.0,51362429#0,9
880.0,51362431,8
880.0,593842812#2,1
880.0,593844221#0,1
880.0,668037874,1
880.0,:3208478128_0,2
880.0,:619136999_2,1
880.0,:cluster_3208478133_655375293_655375296_9631728504_#1more_14,2
880.0,:cluster_3208478133_655375293_655375296_9631728504_#1more_8,4
880.0,E0,20
900.0,-594658757#2,24
900.0,1068440006#0,1
900.0,196961377#0,16
900.0,196961377#3,11
900.0,232003903#0,3
900.0,244450512#4,3
900.0,244450512#5,2
900.0,420578931#0,1
900.0,506322853#0,2
900.0,51362429#0,9
900.0,51362431,8
900.0,593842812#2,1
900.0,593844221#0,1
900.0,668037874,1
900.0,:3208478128_0,2
900.0,:631668818_0,1
900.0,:cluster_3208478133_655375293_655375296_9631728504_#1more_14,2
900.0,:cluster_3208478133_655375293_655375296_9631728504_#1more_8,4
900.0,E0,20
920.0,-594658757#2,24
920.0,1068440006#0,1
920.0,196961377#0,21
920.0,196961377#3,11
920.0,232003903#0,3
920.0,244450512#4,3
920.0,244450512#5,2
920.0,506322853#0,2
920.0,51362429#0,9
920.0,51362431,8
920.0,593842812#2,1
920.0,593844221#0,1
920.0,668037874,1
920.0,:3208478128_0,2
920.0,:cluster_3208478133_655375293_655375296_9631728504_#1more_14,2
920.0,:cluster_3208478133_655375293_655375296_9631728504_#1more_8,4
920.0,E0,20
940.0,-594658757#2,24
940.0,1068440006#0,1
940.0,196961377#0,24
940.0,196961377#3,6
940.0,232003903#0,3
940.0,244450512#4,3
940.0,244450512#5,2
940.0,506322853#0,2
940.0,51362429#0,9
940.0,51362431,7
940.0,593844221#0,2
940.0,593849718#0,3
940.0,668037874,1
940.0,:3208478128_0,2
940.0,:619136999_2,1
940.0,:622618197_6,1
940.0,:cluster_3208478133_655375293_655375296_9631728504_#1more_14,2
940.0,:cluster_3208478133_655375293_655375296_9631728504_#1more_8,4
940.0,E0,20
960.0,-594658757#2,24
960.0,1068440006#0,1
960.0,196961377#0,17
960.0,196961377#3,6
960.0,232003903#0,3
960.0,244450512#4,3
960.0,244450512#5,2
960.0,506322853#0,2
960.0,51362429#0,9
960.0,51362431,7
960.0,593844221#0,2
960.0,593849718#0,3
960.0,668037874,1
960.0,:3208478128_0,2
960.0,:619136999_2,1
960.0,:622618197_6,1
960.0,:cluster_3208478133_655375293_655375296_9631728504_#1more_14,2
960.0,:cluster_3208478133_655375293_655375296_9631728504_#1more_8,4
960.0,E0,20
980.0,-594658757#2,23
980.0,1068440006#0,1
980.0,196961377#0,15
980.0,196961377#3,7
980.0,232003903#0,3
980.0,244450512#4,3
980.0,244450512#5,2
980.0,303647015#0,1
980.0,506322853#0,2
980.0,51362429#0,9
980.0,51362431,7
980.0,593844221#0,2
980.0,593849718#0,3
980.0,668037874,1
980.0,:3208478128_0,2
980.0,:619136999_2,2
980.0,:cluster_3208478133_655375293_655375296_9631728504_#1more_14,2
980.0,:cluster_3208478133_655375293_655375296_9631728504_#1more_8,4
980.0,E0,19
1000.0,-594658757#2,23
1000.0,1068440006#0,1
1000.0,196961377#0,21
1000.0,196961377#3,9
1000.0,232003903#0,3
1000.0,244450512#4,3
1000.0,244450512#5,2
1000.0,506322853#0,2
1000.0,51362429#0,9
1000.0,51362431,7
1000.0,593844221#0,1
1000.0,668037874,1
1000.0,:3208478128_0,2
1000.0,:cluster_2528018119_655375236_16,1
1000.0,:cluster_3208478133_655375293_655375296_9631728504_#1more_14,2
1000.0,:cluster_3208478133_655375293_655375296_9631728504_#1more_8,4
1000.0,E0,19
1020.0,-594658757#2,25
1020.0,1334904386#0,1
1020.0,182334379#0,1
1020.0,196961377#0,24
1020.0,196961377#3,11
1020.0,232003903#0,4
1020.0,244450512#4,2
1020.0,244450512#5,2
1020.0,506322853#0,2
1020.0,51362429#0,9
1020.0,51362431,7
1020.0,668037874,1
1020.0,:3208478128_0,2
1020.0,:655375336_28,1
1020.0,:cluster_3208478133_655375293_655375296_9631728504_#1more_14,2
1020.0,:cluster_3208478133_655375293_655375296_9631728504_#1more_8,1
1020.0,E0,19
1040.0,-260882327,1
1040.0,-594658757#2,25
1040.0,1334904386#0,1
1040.0,196961377#0,24
1040.0,196961377#3,8
1040.0,232003903#0,4
1040.0,244450512#4,2
1040.0,244450512#5,2
1040.0,506322853#0,2
1040.0,51362429#0,9
1040.0,51362431,7
1040.0,593844221#0,1
1040.0,593849718#0,3
1040.0,668037874,1
1040.0,:3208478128_0,2
1040.0,:655375336_47,1
1040.0,E0,19
1060.0,-594658757#2,25
1060.0,1334904386#0,2
1060.0,196961377#0,21
1060.0,196961377#3,3
1060.0,232003903#0,4
1060.0,244450512#4,2
1060.0,244450512#5,2
1060.0,506322853#0,2
1060.0,51289045#3,2
1060.0,51289045#5,1
1060.0,51362429#0,8
1060.0,51362431,7
1060.0,593844216#0,2
1060.0,593849718#0,3
1060.0,668037874,1
1060.0,:3208478128_0,2
1060.0,:3208478132_0,1
1060.0,:619136999_2,1
1060.0,:622618197_6,1
1060.0,:655375336_47,1
1060.0,:cluster_4374470814_4374470816_656132411_656132475_4,1
1060.0,E0,20
1080.0,-594658757#2,25
1080.0,1068440006#0,1
1080.0,196961377#0,12
1080.0,196961377#3,11
1080.0,232003903#0,4
1080.0,244450512#5,1
1080.0,506322853#0,2
1080.0,51362429#0,9
1080.0,51362431,7
1080.0,668037874,1
1080.0,:655375336_47,1
1080.0,:cluster_3208478133_655375293_655375296_9631728504_#1more_15,2
1080.0,:cluster_655375246_655375489_3,2
1080.0,E0,20
1100.0,-594658757#2,25
1100.0,1334904386#0,1
1100.0,196961377#0,12
1100.0,196961377#3,11
1100.0,232003903#0,4
1100.0,506322853#0,2
1100.0,51362429#0,9
1100.0,51362431,7
1100.0,668037874,1
1100.0,:655375336_47,1
1100.0,E0,20
1120.0,-594658757#2,25
1120.0,1334904386#0,1
1120.0,196961377#0,12
1120.0,196961377#3,11
1120.0,232003903#0,4
1120.0,506322853#0,2
1120.0,51362429#0,9
1120.0,51362431,7
1120.0,668037874,1
1120.0,:655375336_47,1
1120.0,E0,20
1140.0,-594658757#2,25
1140.0,1334904386#0,1
1140.0,196961377#0,12
1140.0,196961377#3,4
1140.0,232003903#0,4
1140.0,506322853#0,2
1140.0,51289045#3,2
1140.0,51289045#5,1
1140.0,51362429#0,9
1140.0,51362431,7
1140.0,593844216#0,1
1140.0,593849718#0,3
1140.0,668037874,1
1140.0,:3208478132_0,1
1140.0,:622618197_6,1
1140.0,:655375336_47,1
1140.0,E0,20
1160.0,-594658757#2,25
1160.0,196961377#0,7
1160.0,196961377#3,5
1160.0,232003903#0,4
1160.0,303647015#0,1
1160.0,506322853#0,2
1160.0,51362429#0,9
1160.0,51362431,7
1160.0,668037874,1
1160.0,:655375336_47,1
1160.0,:cluster_4374470814_4374470816_656132411_656132475_4,1
1160.0,:cluster_655375246_655375489_3,1
1160.0,E0,20
1180.0,-594658757#2,25
1180.0,196961377#0,2
1180.0,196961377#3,11
1180.0,232003903#0,4
1180.0,506322853#0,1
1180.0,51362429#0,9
1180.0,51362431,7
1180.0,668037874,1
1180.0,:655375336_47,1
1180.0,E0,20
1200.0,-594658757#2,25
1200.0,196961377#0,2
1200.0,196961377#3,11
1200.0,232003903#0,4
1200.0,506322853#0,1
1200.0,51289045#1,1
1200.0,51362429#0,9
1200.0,51362431,7
1200.0,668037874,1
1200.0,:655375336_47,1
1200.0,:cluster_3208478133_655375293_655375296_9631728504_#1more_14,2
1200.0,E0,20
1220.0,-260882327,1
1220.0,-594658757#2,25
1220.0,196961377#0,2
1220.0,196961377#3,7
1220.0,232003903#0,3
1220.0,506322853#0,1
1220.0,51289045#5,2
1220.0,51362429#0,9
1220.0,51362431,7
1220.0,593849718#0,3
1220.0,668037874,1
1220.0,:622618197_6,1
1220.0,:6251747844_1,1
1220.0,:655375336_47,1
1220.0,E0,20
1240.0,-594658757#2,25
1240.0,196961377#0,1
1240.0,232003903#0,3
1240.0,506322853#0,1
1240.0,51362429#0,9
1240.0,51362431,6
1240.0,593849718#0,3
1240.0,594658760#0,1
1240.0,668037874,1
1240.0,:619136999_2,1
1240.0,:622618197_6,1
1240.0,:655375336_47,1
1240.0,E0,20
1260.0,-594658757#2,25
1260.0,196961377#3,2
1260.0,232003903#0,3
1260.0,506322853#0,1
1260.0,51362429#0,9
1260.0,51362431,6
1260.0,668037874,1
1260.0,:655375336_47,1
1260.0,E0,20
1280.0,-594658757#2,24
1280.0,196961377#3,2
1280.0,232003903#0,3
1280.0,303647015#0,1
1280.0,506322853#0,1
1280.0,51289045#3,2
1280.0,51362429#0,9
1280.0,51362431,6
1280.0,593844216#0,1
1280.0,668037874,1
1280.0,:3208478132_0,1
1280.0,:655375336_47,1
1280.0,:cluster_3208478133_655375293_655375296_9631728504_#1more_25,1
1280.0,:cluster_4374470814_4374470816_656132411_656132475_4,1
1280.0,E0,20
1300.0,-594658757#2,24
1300.0,196961377#3,1
1300.0,232003903#0,3
1300.0,506322853#0,1
1300.0,51362429#0,9
1300.0,51362431,6
1300.0,593844216#0,1
1300.0,668037874,1
1300.0,:622618197_0,1
1300.0,:655375336_47,1
1300.0,E0,19
1320.0,-594658757#2,25
1320.0,232003903#0,3
1320.0,506322853#0,1
1320.0,51362429#0,9
1320.0,51362431,6
1320.0,668037874,1
1320.0,E0,20
1340.0,-594658757#2,25
1340.0,232003903#0,1
1340.0,506322853#0,1
1340.0,51362429#0,9
1340.0,51362431,6
1340.0,668037874,1
1340.0,:cluster_3208478133_655375293_655375296_9631728504_#1more_14,2
1340.0,E0,20
1360.0,-260882327,1
1360.0,-594658757#2,25
1360.0,506322853#0,1
1360.0,51289045#5,2
1360.0,51362429#0,9
1360.0,51362431,6
1360.0,668037874,1
1360.0,E0,20
1380.0,-594658757#2,25
1380.0,506322853#0,1
1380.0,51362429#0,9
1380.0,51362431,6
1380.0,668037874,1
1380.0,E0,20
1400.0,-594658757#2,25
1400.0,506322853#0,1
1400.0,51362429#0,9
1400.0,51362431,6
1400.0,668037874,1
1400.0,E0,20
1420.0,-594658757#2,25
1420.0,506322853#0,1
1420.0,51362429#0,9
1420.0,51362431,6
1420.0,668037874,1
1420.0,E0,20
1440.0,-594658757#2,25
1440.0,506322853#0,1
1440.0,51362429#0,9
1440.0,51362431,6
1440.0,668037874,1
1440.0,E0,20
1460.0,-594658757#2,25
1460.0,506322853#0,1
1460.0,51362429#0,9
1460.0,51362431,6
1460.0,668037874,1
1460.0,E0,20
1480.0,-594658757#2,25
1480.0,506322853#0,1
1480.0,51362429#0,9
1480.0,51362431,6
1480.0,668037874,1
1480.0,E0,20
1500.0,-594658757#2,25
1500.0,196961377#0,1
1500.0,51362429#0,9
1500.0,51362431,6
1500.0,668037874,1
1500.0,E0,20
1520.0,-594658757#2,25
1520.0,196961377#3,1
1520.0,51362429#0,9
1520.0,51362431,6
1520.0,668037874,1
1520.0,E0,20
1540.0,-594658757#2,25
1540.0,196961377#3,1
1540.0,51362429#0,9
1540.0,51362431,5
1540.0,594658760#0,1
1540.0,668037874,1
1540.0,E0,20
1560.0,-594658757#2,25
1560.0,51362429#0,9
1560.0,51362431,5
1560.0,668037874,1
1560.0,:622618197_1,1
1560.0,E0,20
1580.0,-594658757#2,25
1580.0,51362429#0,9
1580.0,51362431,5
1580.0,668037874,1
1580.0,E0,20
1600.0,-594658757#2,24
1600.0,51362429#0,9
1600.0,51362431,5
1600.0,668037874,1
1600.0,E0,19
1620.0,-594658757#2,24
1620.0,51362429#0,9
1620.0,51362431,5
1620.0,668037874,1
1620.0,E0,20
1640.0,-594658757#2,24
1640.0,51362429#0,9
1640.0,51362431,5
1640.0,668037874,1
1640.0,E0,20
1660.0,-594658757#2,24
1660.0,51362429#0,9
1660.0,51362431,5
1660.0,668037874,1
1660.0,E0,20
1680.0,-594658757#2,24
1680.0,51362429#0,9
1680.0,51362431,5
1680.0,668037874,1
1680.0,E0,20
1700.0,-594658757#2,24
1700.0,51362429#0,9
1700.0,51362431,5
1700.0,668037874,1
1700.0,E0,20
1720.0,-594658757#2,24
1720.0,51362429#0,9
1720.0,51362431,5
1720.0,668037874,1
1720.0,E0,20
1740.0,-594658757#2,24
1740.0,51362429#0,9
1740.0,51362431,5
1740.0,668037874,1
1740.0,E0,20
1760.0,-594658757#2,24
1760.0,51362429#0,9
1760.0,51362431,5
1760.0,668037874,1
1760.0,E0,20
1780.0,-594658757#2,24
1780.0,303647015#0,1
1780.0,51362429#0,9
1780.0,51362431,5
1780.0,668037874,1
1780.0,E0,20
1800.0,-594658757#2,24
1800.0,196961377#0,1
1800.0,51362429#0,9
1800.0,51362431,5
1800.0,E0,20
1820.0,-594658757#2,24
1820.0,196961377#3,1
1820.0,51362429#0,9
1820.0,51362431,5
1820.0,E0,20
1840.0,-594658757#2,24
1840.0,51362429#0,9
1840.0,51362431,4
1840.0,594658757#0,1
1840.0,E0,20
1860.0,-594658757#2,24
1860.0,51362429#0,9
1860.0,51362431,4
1860.0,E0,20
1880.0,-594658757#2,24
1880.0,51362429#0,9
1880.0,51362431,4
1880.0,E0,20
1900.0,-594658757#2,23
1900.0,303647015#0,1
1900.0,51362429#0,9
1900.0,51362431,4
1900.0,E0,19
1920.0,-594658757#2,23
1920.0,51362429#0,8
1920.0,51362431,4
1920.0,E0,20
1940.0,-594658757#2,24
1940.0,1068440006#0,1
1940.0,51362429#0,9
1940.0,51362431,4
1940.0,E0,20
1960.0,-594658757#2,24
1960.0,1068440006#0,1
1960.0,51362429#0,9
1960.0,51362431,4
1960.0,E0,20
1980.0,-594658757#2,24
1980.0,1068440006#0,1
1980.0,51362429#0,9
1980.0,51362431,4
1980.0,E0,20
2000.0,-594658757#2,24
2000.0,1068440006#0,1
2000.0,51362429#0,9
2000.0,51362431,4
2000.0,E0,20
2020.0,-594658757#2,24
2020.0,1068440006#0,1
2020.0,51362429#0,9
2020.0,51362431,4
2020.0,E0,20
2040.0,-594658757#2,24
2040.0,1068440006#0,1
2040.0,51362429#0,9
2040.0,51362431,4
2040.0,E0,20
2060.0,-594658757#2,24
2060.0,1068440006#0,1
2060.0,51362429#0,9
2060.0,51362431,4
2060.0,E0,20
2080.0,-594658757#2,24
2080.0,1068440006#0,1
2080.0,51362429#0,9
2080.0,51362431,4
2080.0,E0,20
2100.0,-594658757#2,24
2100.0,1068440006#0,1
2100.0,51362429#0,9
2100.0,51362431,4
2100.0,E0,20
2120.0,-594658757#2,24
2120.0,1068440006#0,1
2120.0,51362429#0,9
2120.0,51362431,4
2120.0,E0,20
2140.0,-594658757#2,24
2140.0,1068440006#0,1
2140.0,51362429#0,9
2140.0,51362431,4
2140.0,E0,20
2160.0,-594658757#2,24
2160.0,1068440006#0,1
2160.0,51362429#0,9
2160.0,51362431,3
2160.0,E0,20
2180.0,-594658757#2,24
2180.0,1068440006#0,1
2180.0,51362429#0,9
2180.0,51362431,3
2180.0,E0,20
2200.0,-594658757#2,23
2200.0,1068440006#0,1
2200.0,303647015#0,1
2200.0,51362429#0,9
2200.0,51362431,3
2200.0,E0,19
2220.0,-594658757#2,23
2220.0,51362429#0,9
2220.0,51362431,3
2220.0,:655375336_2,1
2220.0,E0,19
2240.0,-594658757#2,24
2240.0,51362429#0,8
2240.0,51362431,3
2240.0,E0,20
2260.0,-594658757#2,24
2260.0,51362429#0,9
2260.0,51362431,3
2260.0,E0,20
2280.0,-594658757#2,24
2280.0,51362429#0,9
2280.0,51362431,3
2280.0,E0,20
2300.0,-594658757#2,24
2300.0,51362429#0,9
2300.0,51362431,3
2300.0,E0,20
2320.0,-594658757#2,24
2320.0,51362429#0,9
2320.0,51362431,3
2320.0,E0,20
2340.0,-594658757#2,24
2340.0,51362429#0,9
2340.0,51362431,3
2340.0,E0,20
2360.0,-594658757#2,24
2360.0,51362429#0,9
2360.0,51362431,3
2360.0,E0,20
2380.0,-594658757#2,24
2380.0,303647015#0,1
2380.0,51362429#0,9
2380.0,51362431,3
2380.0,E0,20
2400.0,-594658757#2,24
2400.0,51362429#0,9
2400.0,51362431,3
2400.0,E0,20
2420.0,-594658757#2,24
2420.0,51362429#0,9
2420.0,51362431,3
2420.0,E0,20
2440.0,-594658757#2,24
2440.0,51362429#0,9
2440.0,51362431,3
2440.0,E0,20
2460.0,-594658757#2,24
2460.0,51362429#0,9
2460.0,51362431,2
2460.0,E0,20
2480.0,-594658757#2,24
2480.0,51362429#0,9
2480.0,51362431,2
2480.0,E0,20
2500.0,-594658757#2,23
2500.0,303647015#0,1
2500.0,51362429#0,9
2500.0,51362431,2
2500.0,E0,20
2520.0,-594658757#2,23
2520.0,51362429#0,9
2520.0,51362431,2
2520.0,E0,19
2540.0,-594658757#2,24
2540.0,51362429#0,8
2540.0,51362431,2
2540.0,593847701,1
2540.0,E0,19
2560.0,-594658757#2,24
2560.0,51362429#0,7
2560.0,51362431,2
2560.0,:655375232_0,1
2560.0,:655375232_11,1
2560.0,E0,20
2580.0,-594658757#2,24
2580.0,1068440006#0,2
2580.0,51362429#0,9
2580.0,51362431,2
2580.0,E0,20
2600.0,-594658757#2,24
2600.0,1068440006#0,2
2600.0,51362429#0,9
2600.0,51362431,2
2600.0,E0,20
2620.0,-594658757#2,24
2620.0,1068440006#0,2
2620.0,51362429#0,9
2620.0,51362431,2
2620.0,E0,20
2640.0,-594658757#2,24
2640.0,1068440006#0,2
2640.0,51362429#0,9
2640.0,51362431,2
2640.0,E0,20
2660.0,-594658757#2,24
2660.0,1068440006#0,2
2660.0,51362429#0,9
2660.0,51362431,2
2660.0,E0,20
2680.0,-594658757#2,24
2680.0,1068440006#0,2
2680.0,51362429#0,9
2680.0,51362431,2
2680.0,E0,20
2700.0,-594658757#2,24
2700.0,1068440006#0,2
2700.0,51362429#0,9
2700.0,51362431,2
2700.0,E0,20
2720.0,-594658757#2,24
2720.0,1068440006#0,2
2720.0,51362429#0,9
2720.0,51362431,2
2720.0,E0,20
2740.0,-594658757#2,24
2740.0,1068440006#0,2
2740.0,51362429#0,9
2740.0,51362431,2
2740.0,E0,20
2760.0,-594658757#2,24
2760.0,1068440006#0,2
2760.0,51362429#0,9
2760.0,51362431,1
2760.0,594658760#0,1
2760.0,E0,20
2780.0,-594658757#2,24
2780.0,1068440006#0,2
2780.0,51362429#0,9
2780.0,51362431,1
2780.0,E0,20
2800.0,-594658757#2,24
2800.0,1068440006#0,2
2800.0,51362429#0,9
2800.0,51362431,1
2800.0,E0,20
2820.0,-594658757#2,23
2820.0,1068440006#0,2
2820.0,1334904386#0,1
2820.0,51362429#0,9
2820.0,51362431,1
2820.0,E0,19
2840.0,-594658757#2,23
2840.0,1068440006#0,2
2840.0,1334904386#0,1
2840.0,51362429#0,9
2840.0,51362431,1
2840.0,E0,19
2860.0,-594658757#2,23
2860.0,1068440006#0,2
2860.0,303647015#0,1
2860.0,51362429#0,9
2860.0,51362431,1
2860.0,E0,19
2880.0,-594658757#2,24
2880.0,1068440006#0,2
2880.0,51362429#0,7
2880.0,51362431,1
2880.0,:655375232_0,1
2880.0,E0,20
2900.0,-594658757#2,24
2900.0,1068440006#0,7
2900.0,51362429#0,4
2900.0,51362431,1
2900.0,593847703#0,2
2900.0,E0,20
2920.0,-594658757#2,24
2920.0,1068440006#0,7
2920.0,182334378#0,1
2920.0,51362429#0,4
2920.0,51362431,1
2920.0,593847703#0,1
2920.0,E0,20
2940.0,-594658757#2,24
2940.0,1068440006#0,7
2940.0,182334378#0,2
2940.0,51362429#0,4
2940.0,51362431,1
2940.0,E0,20
2960.0,-594658757#2,24
2960.0,1068440006#0,7
2960.0,182334378#0,2
2960.0,51362429#0,4
2960.0,51362431,1
2960.0,E0,20
2980.0,-594658757#2,24
2980.0,1068440006#0,7
2980.0,182334378#0,2
2980.0,51362429#0,4
2980.0,51362431,1
2980.0,E0,20
3000.0,-594658757#2,24
3000.0,1068440006#0,7
3000.0,182334378#0,2
3000.0,51362429#0,4
3000.0,51362431,1
3000.0,E0,20
3020.0,-594658757#2,24
3020.0,1068440006#0,7
3020.0,182334378#0,2
3020.0,51362429#0,4
3020.0,51362431,1
3020.0,E0,20
3040.0,-594658757#2,24
3040.0,1068440006#0,7
3040.0,182334378#0,2
3040.0,51362429#0,4
3040.0,51362431,1
3040.0,E0,20
3060.0,-594658757#2,24
3060.0,1068440006#0,7
3060.0,182334378#0,2
3060.0,51362429#0,4
3060.0,594658757#0,1
3060.0,E0,20
3080.0,-594658757#2,24
3080.0,1068440006#0,7
3080.0,182334378#0,2
3080.0,51362429#0,4
3080.0,E0,20
3100.0,-594658757#2,24
3100.0,1068440006#0,7
3100.0,182334378#0,2
3100.0,51362429#0,4
3100.0,E0,20
3120.0,-594658757#2,23
3120.0,1068440006#0,7
3120.0,1334904386#0,1
3120.0,182334378#0,2
3120.0,303647015#0,1
3120.0,51362429#0,4
3120.0,E0,19
3140.0,-594658757#2,24
3140.0,1068440006#0,7
3140.0,1334904386#0,1
3140.0,182334378#0,1
3140.0,51362429#0,2
3140.0,:3086736518_16,1
3140.0,:655375232_0,1
3140.0,:655375336_16,1
3140.0,E0,18
3160.0,-594658757#2,25
3160.0,1068440006#0,8
3160.0,1334904386#0,1
3160.0,182334378#0,1
3160.0,51362429#0,2
3160.0,E0,19
3180.0,-594658757#2,25
3180.0,1068440006#0,8
3180.0,182334378#0,1
3180.0,303647015#0,1
3180.0,51362429#0,2
3180.0,E0,19
3200.0,-594658757#2,25
3200.0,1068440006#0,7
3200.0,182334378#0,1
3200.0,51362429#0,2
3200.0,E0,19
3220.0,-594658757#2,25
3220.0,1068440006#0,8
3220.0,182334378#0,1
3220.0,E0,20
3240.0,-594658757#2,25
3240.0,1068440006#0,8
3240.0,182334378#0,1
3240.0,E0,20
3260.0,-594658757#2,25
3260.0,1068440006#0,8
3260.0,182334378#0,1
3260.0,E0,20
3280.0,-594658757#2,25
3280.0,1068440006#0,8
3280.0,182334378#0,1
3280.0,E0,20
3300.0,-594658757#2,25
3300.0,1068440006#0,8
3300.0,182334378#0,1
3300.0,E0,20
3320.0,-594658757#2,25
3320.0,1068440006#0,8
3320.0,182334378#0,1
3320.0,E0,20
3340.0,-594658757#2,25
3340.0,1068440006#0,8
3340.0,182334378#0,1
3340.0,E0,20
3360.0,-594658757#2,25
3360.0,1068440006#0,8
3360.0,182334378#0,1
3360.0,E0,20
3380.0,-594658757#2,25
3380.0,1068440006#0,8
3380.0,182334378#0,1
3380.0,303647015#0,1
3380.0,E0,20
3400.0,-594658757#2,25
3400.0,1068440006#0,8
3400.0,182334378#0,1
3400.0,E0,20
3420.0,-594658757#2,24
3420.0,1068440006#0,8
3420.0,182334378#0,1
3420.0,303647015#0,1
3420.0,E0,20
3440.0,-594658757#2,24
3440.0,1068440006#0,8
3440.0,182334378#0,1
3440.0,E0,19
3460.0,-594658757#2,24
3460.0,1068440006#0,8
3460.0,E0,19
3480.0,-594658757#2,24
3480.0,1068440006#0,8
3480.0,E0,19
3500.0,-594658757#2,24
3500.0,1068440006#0,8
3500.0,E0,19
3520.0,-594658757#2,24
3520.0,1068440006#0,8
3520.0,E0,19
3540.0,-594658757#2,24
3540.0,1068440006#0,7
3540.0,E0,19
3560.0,-594658757#2,24
3560.0,1068440006#0,7
3560.0,E0,19
3580.0,-594658757#2,24
3580.0,1068440006#0,7
3580.0,E0,19
3600.0,-594658757#2,24
3600.0,1068440006#0,7
3600.0,E0,19
3620.0,-594658757#2,24
3620.0,1068440006#0,7
3620.0,303647015#0,1
3620.0,E0,19
3640.0,-594658757#2,24
3640.0,1068440006#0,7
3640.0,303647015#0,1
3640.0,E0,19
3660.0,-594658757#2,24
3660.0,1068440006#0,7
3660.0,E0,19
3680.0,-594658757#2,24
3680.0,1068440006#0,7
3680.0,E0,19
3700.0,-594658757#2,24
3700.0,1068440006#0,7
3700.0,E0,19
3720.0,-594658757#2,23
3720.0,1068440006#0,7
3720.0,303647015#0,1
3720.0,E0,19
3740.0,-594658757#2,23
3740.0,1068440006#0,7
3740.0,E0,19
3760.0,-594658757#2,24
3760.0,1068440006#0,6
3760.0,E0,18
3780.0,-594658757#2,24
3780.0,1068440006#0,6
3780.0,E0,18
3800.0,-594658757#2,24
3800.0,1068440006#0,6
3800.0,E0,18
3820.0,-594658757#2,24
3820.0,1068440006#0,6
3820.0,E0,18
3840.0,-594658757#2,24
3840.0,1068440006#0,6
3840.0,E0,18
3860.0,-594658757#2,24
3860.0,1068440006#0,6
3860.0,E0,18
3880.0,-594658757#2,24
3880.0,1068440006#0,6
3880.0,E0,18
3900.0,-594658757#2,24
3900.0,1068440006#0,6
3900.0,E0,18
3920.0,-594658757#2,24
3920.0,1068440006#0,6
3920.0,E0,18
3940.0,-594658757#2,24
3940.0,1068440006#0,6
3940.0,303647015#0,1
3940.0,E0,18
3960.0,-594658757#2,24
3960.0,1068440006#0,6
3960.0,E0,18
3980.0,-594658757#2,24
3980.0,1068440006#0,6
3980.0,E0,18
4000.0,-594658757#2,24
4000.0,1068440006#0,6
4000.0,E0,18
4020.0,-594658757#2,24
4020.0,1068440006#0,6
4020.0,E0,18
4040.0,-594658757#2,23
4040.0,1068440006#0,6
4040.0,E0,18
4060.0,-594658757#2,23
4060.0,1068440006#0,6
4060.0,1334904386#0,1
4060.0,:655375336_6,1
4060.0,E0,16
4080.0,-594658757#2,24
4080.0,1068440006#0,6
4080.0,1334904386#0,1
4080.0,E0,16
4100.0,-594658757#2,24
4100.0,1068440006#0,6
4100.0,1334904386#0,1
4100.0,E0,16
4120.0,-594658757#2,24
4120.0,1068440006#0,5
4120.0,1334904386#0,1
4120.0,E0,16
4140.0,-594658757#2,24
4140.0,1068440006#0,5
4140.0,303647015#0,1
4140.0,E0,16
4160.0,-594658757#2,24
4160.0,1068440006#0,5
4160.0,E0,16
4180.0,-594658757#2,24
4180.0,1068440006#0,4
4180.0,:655375336_1,1
4180.0,E0,16
4200.0,-594658757#2,24
4200.0,1068440006#0,3
4200.0,1334904386#0,2
4200.0,E0,16
4220.0,-594658757#2,24
4220.0,1068440006#0,3
4220.0,303647015#0,2
4220.0,E0,16
4240.0,-594658757#2,24
4240.0,1068440006#0,3
4240.0,E0,16
4260.0,-594658757#2,24
4260.0,1068440006#0,3
4260.0,E0,16
4280.0,-594658757#2,24
4280.0,1068440006#0,3
4280.0,E0,16
4300.0,-594658757#2,24
4300.0,1068440006#0,3
4300.0,E0,16
4320.0,-594658757#2,24
4320.0,1068440006#0,3
4320.0,E0,16
4340.0,-594658757#2,23
4340.0,1068440006#0,3
4340.0,303647015#0,1
4340.0,E0,16
4360.0,-594658757#2,23
4360.0,1068440006#0,3
4360.0,:655375336_6,1
4360.0,E0,15
4380.0,-594658757#2,24
4380.0,1068440006#0,3
4380.0,E0,15
4400.0,-594658757#2,24
4400.0,1068440006#0,3
4400.0,E0,15
4420.0,-594658757#2,24
4420.0,1068440006#0,3
4420.0,E0,15
4440.0,-594658757#2,24
4440.0,1068440006#0,3
4440.0,E0,15
4460.0,-594658757#2,24
4460.0,1068440006#0,3
4460.0,E0,15
4480.0,-594658757#2,24
4480.0,1068440006#0,3
4480.0,E0,15
4500.0,-594658757#2,24
4500.0,1068440006#0,2
4500.0,E0,15
4520.0,-594658757#2,24
4520.0,1334904386#0,2
4520.0,E0,15
4540.0,-594658757#2,24
4540.0,1334904386#0,2
4540.0,E0,15
4560.0,-594658757#2,24
4560.0,1334904386#0,2
4560.0,E0,15
4580.0,-594658757#2,24
4580.0,1334904386#0,2
4580.0,E0,15
4600.0,-594658757#2,24
4600.0,303647015#0,2
4600.0,E0,15
4620.0,-594658757#2,24
4620.0,E0,15
4640.0,-594658757#2,23
4640.0,303647015#0,1
4640.0,E0,15
4660.0,-594658757#2,23
4660.0,E0,15
4680.0,-594658757#2,23
4680.0,1334904386#0,1
4680.0,303647015#0,1
4680.0,E0,14
4700.0,-594658757#2,23
4700.0,303647015#0,1
4700.0,E0,14
4720.0,-594658757#2,23
4720.0,E0,14
4740.0,-594658757#2,23
4740.0,E0,14
4760.0,-594658757#2,23
4760.0,E0,14
4780.0,-594658757#2,23
4780.0,E0,14
4800.0,-594658757#2,23
4800.0,E0,14
4820.0,-594658757#2,23
4820.0,E0,14
4840.0,-594658757#2,23
4840.0,E0,14
4860.0,-594658757#2,23
4860.0,E0,14
4880.0,-594658757#2,23
4880.0,E0,14
4900.0,-594658757#2,23
4900.0,E0,14
4920.0,-594658757#2,23
4920.0,E0,14
4940.0,-594658757#2,22
4940.0,303647015#0,1
4940.0,E0,14
4960.0,-594658757#2,22
4960.0,E0,14
4980.0,-594658757#2,22
4980.0,1334904386#0,1
4980.0,E0,13
5000.0,-594658757#2,22
5000.0,303647015#0,1
5000.0,E0,13
5020.0,-594658757#2,22
5020.0,E0,13
5040.0,-594658757#2,22
5040.0,E0,13
5060.0,-594658757#2,22
5060.0,E0,13
5080.0,-594658757#2,22
5080.0,E0,13
5100.0,-594658757#2,22
5100.0,E0,13
5120.0,-594658757#2,22
5120.0,E0,13
5140.0,-594658757#2,22
5140.0,E0,13
5160.0,-594658757#2,22
5160.0,E0,13
5180.0,-594658757#2,22
5180.0,E0,13
5200.0,-594658757#2,22
5200.0,E0,13
5220.0,-594658757#2,22
5220.0,E0,13
5240.0,-594658757#2,22
5240.0,E0,13
5260.0,-594658757#2,21
5260.0,E0,13
5280.0,-594658757#2,21
5280.0,1334904386#0,1
5280.0,E0,12
5300.0,-594658757#2,24
5300.0,:cluster_655375246_655375489_3,1
5300.0,E0,9
5320.0,-594658757#2,24
5320.0,E0,9
5340.0,-594658757#2,24
5340.0,E0,9
5360.0,-594658757#2,24
5360.0,E0,9
5380.0,-594658757#2,24
5380.0,E0,9
5400.0,-594658757#2,24
5400.0,E0,9
5420.0,-594658757#2,24
5420.0,E0,9
5440.0,-594658757#2,24
5440.0,E0,9
5460.0,-594658757#2,24
5460.0,E0,9
5480.0,-594658757#2,24
5480.0,E0,9
5500.0,-594658757#2,24
5500.0,E0,9
5520.0,-594658757#2,24
5520.0,E0,9
5540.0,-594658757#2,24
5540.0,E0,9
5560.0,-594658757#2,23
5560.0,303647015#0,1
5560.0,E0,9
5580.0,-594658757#2,23
5580.0,E0,9
5600.0,-594658757#2,23
5600.0,1334904386#0,1
5600.0,E0,8
5620.0,-594658757#2,24
5620.0,303647015#0,1
5620.0,E0,7
5640.0,-594658757#2,24
5640.0,E0,7
5660.0,-594658757#2,24
5660.0,E0,7
5680.0,-594658757#2,24
5680.0,E0,7
5700.0,-594658757#2,24
5700.0,E0,7
5720.0,-594658757#2,24
5720.0,E0,7
5740.0,-594658757#2,24
5740.0,E0,7
5760.0,-594658757#2,24
5760.0,E0,7
5780.0,-594658757#2,24
5780.0,E0,7
5800.0,-594658757#2,24
5800.0,E0,7
5820.0,-594658757#2,24
5820.0,E0,7
5840.0,-594658757#2,24
5840.0,E0,7
5860.0,-594658757#2,23
5860.0,303647015#0,1
5860.0,E0,7
5880.0,-594658757#2,23
5880.0,E0,7
5900.0,-594658757#2,23
5900.0,:655375336_6,1
5900.0,E0,6
5920.0,-594658757#2,24
5920.0,E0,6
5940.0,-594658757#2,24
5940.0,E0,6
5960.0,-594658757#2,24
5960.0,E0,6
5980.0,-594658757#2,24
5980.0,E0,6
6000.0,-594658757#2,24
6000.0,E0,6
6020.0,-594658757#2,24
6020.0,E0,6
6040.0,-594658757#2,24
6040.0,E0,6
6060.0,-594658757#2,24
6060.0,E0,6
6080.0,-594658757#2,24
6080.0,E0,6
6100.0,-594658757#2,24
6100.0,E0,6
6120.0,-594658757#2,24
6120.0,E0,6
6140.0,-594658757#2,24
6140.0,E0,6
6160.0,-594658757#2,23
6160.0,303647015#0,1
6160.0,E0,6
6180.0,-594658757#2,23
6180.0,E0,6
6200.0,-594658757#2,23
6200.0,1334904386#0,1
6200.0,E0,5
6220.0,-594658757#2,24
6220.0,1334904386#0,1
6220.0,E0,4
6240.0,-594658757#2,24
6240.0,1334904386#0,1
6240.0,E0,4
6260.0,-594658757#2,24
6260.0,1334904386#0,1
6260.0,E0,4
6280.0,-594658757#2,24
6280.0,303647015#0,1
6280.0,E0,4
6300.0,-594658757#2,24
6300.0,E0,4
6320.0,-594658757#2,24
6320.0,E0,4
6340.0,-594658757#2,24
6340.0,E0,4
6360.0,-594658757#2,24
6360.0,E0,4
6380.0,-594658757#2,24
6380.0,E0,4
6400.0,-594658757#2,24
6400.0,E0,4
6420.0,-594658757#2,24
6420.0,E0,4
6440.0,-594658757#2,24
6440.0,E0,4
6460.0,-594658757#2,24
6460.0,E0,4
6480.0,-594658757#2,23
6480.0,E0,4
6500.0,-594658757#2,23
6500.0,E0,4
6520.0,-594658757#2,23
6520.0,1334904386#0,1
6520.0,E0,3
6540.0,-594658757#2,24
6540.0,1334904386#0,1
6540.0,E0,2
6560.0,-594658757#2,24
6560.0,1334904386#0,1
6560.0,E0,2
6580.0,-594658757#2,24
6580.0,303647015#0,1
6580.0,E0,2
6600.0,-594658757#2,24
6600.0,E0,2
6620.0,-594658757#2,24
6620.0,E0,2
6640.0,-594658757#2,24
6640.0,E0,2
6660.0,-594658757#2,24
6660.0,E0,2
6680.0,-594658757#2,24
6680.0,E0,2
6700.0,-594658757#2,24
6700.0,E0,2
6720.0,-594658757#2,24
6720.0,E0,2
6740.0,-594658757#2,24
6740.0,E0,2
6760.0,-594658757#2,24
6760.0,E0,2
6780.0,-594658757#2,23
6780.0,303647015#0,1
6780.0,E0,2
6800.0,-594658757#2,23
6800.0,E0,2
6820.0,-594658757#2,23
6820.0,E0,2
6840.0,-594658757#2,23
6840.0,1334904386#0,1
6840.0,E0,1
6860.0,-594658757#2,23
6860.0,1334904386#0,1
6860.0,E0,1
6880.0,-594658757#2,23
6880.0,1334904386#0,1
6880.0,E0,1
6900.0,-594658757#2,24
6900.0,303647015#0,1
6920.0,-594658757#2,24
6940.0,-594658757#2,24
6960.0,-594658757#2,24
6980.0,-594658757#2,24
7000.0,-594658757#2,24
7020.0,-594658757#2,24
7040.0,-594658757#2,24
7060.0,-594658757#2,24
7080.0,-594658757#2,23
7080.0,303647015#0,1
7100.0,-594658757#2,23
7120.0,-594658757#2,23
7140.0,-594658757#2,23
7160.0,-594658757#2,23
7180.0,-594658757#2,23
7200.0,-594658757#2,23
7220.0,-594658757#2,23
7240.0,-594658757#2,23
7260.0,-594658757#2,23
7280.0,-594658757#2,23
7300.0,-594658757#2,23
7320.0,-594658757#2,23
7340.0,-594658757#2,23
7360.0,-594658757#2,23
7380.0,-594658757#2,22
7380.0,303647015#0,1
7400.0,-594658757#2,22
7420.0,-594658757#2,22
7440.0,-594658757#2,22
7460.0,-594658757#2,22
7480.0,-594658757#2,22
7500.0,-594658757#2,22
7520.0,-594658757#2,22
7540.0,-594658757#2,22
7560.0,-594658757#2,22
7580.0,-594658757#2,22
7600.0,-594658757#2,22
7620.0,-594658757#2,22
7640.0,-594658757#2,22
7660.0,-594658757#2,22
7680.0,-594658757#2,22
7700.0,-594658757#2,21
7720.0,-594658757#2,21
7740.0,-594658757#2,21
7760.0,-594658757#2,21
7780.0,-594658757#2,21
7800.0,-594658757#2,21
7820.0,-594658757#2,21
7840.0,-594658757#2,21
7860.0,-594658757#2,21
7880.0,-594658757#2,21
7900.0,-594658757#2,21
7920.0,-594658757#2,21
7940.0,-594658757#2,21
7960.0,-594658757#2,21
7980.0,-594658757#2,21
8000.0,-594658757#2,20
8000.0,303647015#0,1
8020.0,-594658757#2,20
8040.0,-594658757#2,20
8060.0,-594658757#2,20
8080.0,-594658757#2,20
8100.0,-594658757#2,20
8120.0,-594658757#2,20
8140.0,-594658757#2,20
8160.0,-594658757#2,20
8180.0,-594658757#2,20
8200.0,-594658757#2,20
8220.0,-594658757#2,20
8240.0,-594658757#2,20
8260.0,-594658757#2,20
8280.0,-594658757#2,20
8300.0,-594658757#2,19
8300.0,303647015#0,1
8320.0,-594658757#2,19
8340.0,-594658757#2,19
8360.0,-594658757#2,19
8380.0,-594658757#2,19
8400.0,-594658757#2,19
8420.0,-594658757#2,19
8440.0,-594658757#2,19
8460.0,-594658757#2,19
8480.0,-594658757#2,19
8500.0,-594658757#2,19
8520.0,-594658757#2,19
8540.0,-594658757#2,19
8560.0,-594658757#2,19
8580.0,-594658757#2,19
8600.0,-594658757#2,19
8620.0,-594658757#2,18
8640.0,-594658757#2,18
8660.0,-594658757#2,18
8680.0,-594658757#2,18
8700.0,-594658757#2,18
8720.0,-594658757#2,18
8740.0,-594658757#2,18
8760.0,-594658757#2,18
8780.0,-594658757#2,18
8800.0,-594658757#2,18
8820.0,-594658757#2,18
8840.0,-594658757#2,18
8860.0,-594658757#2,18
8880.0,-594658757#2,18
8900.0,-594658757#2,18
8920.0,-594658757#2,17
8920.0,303647015#0,1
8940.0,-594658757#2,17
8960.0,-594658757#2,17
8980.0,-594658757#2,17
9000.0,-594658757#2,17
9020.0,-594658757#2,17
9040.0,-594658757#2,17
9060.0,-594658757#2,17
9080.0,-594658757#2,17
9100.0,-594658757#2,17
9120.0,-594658757#2,17
9140.0,-594658757#2,17
9160.0,-594658757#2,17
9180.0,-594658757#2,17
9200.0,-594658757#2,17
9220.0,-594658757#2,16
9220.0,303647015#0,1
9240.0,-594658757#2,16
9260.0,-594658757#2,16
9280.0,-594658757#2,16
9300.0,-594658757#2,16
9320.0,-594658757#2,16
9340.0,-594658757#2,16
9360.0,-594658757#2,16
9380.0,-594658757#2,16
9400.0,-594658757#2,16
9420.0,-594658757#2,16
9440.0,-594658757#2,16
9460.0,-594658757#2,16
9480.0,-594658757#2,16
9500.0,-594658757#2,16
9520.0,-594658757#2,15
9520.0,303647015#0,1
9540.0,-594658757#2,15
9560.0,-594658757#2,15
9580.0,-594658757#2,15
9600.0,-594658757#2,15
9620.0,-594658757#2,15
9640.0,-594658757#2,15
9660.0,-594658757#2,15
9680.0,-594658757#2,15
9700.0,-594658757#2,15
9720.0,-594658757#2,15
9740.0,-594658757#2,15
9760.0,-594658757#2,15
9780.0,-594658757#2,15
9800.0,-594658757#2,15
9820.0,-594658757#2,15
9840.0,-594658757#2,14
9860.0,-594658757#2,14
9880.0,-594658757#2,14
9900.0,-594658757#2,14
9920.0,-594658757#2,14
9940.0,-594658757#2,14
9960.0,-594658757#2,14
9980.0,-594658757#2,14
10000.0,-594658757#2,14
10020.0,-594658757#2,14
10040.0,-594658757#2,14
10060.0,-594658757#2,14
10080.0,-594658757#2,14
10100.0,-594658757#2,14
10120.0,-594658757#2,14
10140.0,-594658757#2,13
10140.0,303647015#0,1
10160.0,-594658757#2,13
10180.0,-594658757#2,13
10200.0,-594658757#2,13
10220.0,-594658757#2,13
10240.0,-594658757#2,13
10260.0,-594658757#2,13
10280.0,-594658757#2,13
10300.0,-594658757#2,13
10320.0,-594658757#2,13
10340.0,-594658757#2,13
10360.0,-594658757#2,13
10380.0,-594658757#2,13
10400.0,-594658757#2,13
10420.0,-594658757#2,13
10440.0,-594658757#2,12
10440.0,303647015#0,1
10460.0,-594658757#2,12
10480.0,-594658757#2,12
10500.0,-594658757#2,12
10520.0,-594658757#2,12
10540.0,-594658757#2,12
10560.0,-594658757#2,12
10580.0,-594658757#2,12
10600.0,-594658757#2,12
10620.0,-594658757#2,12
10640.0,-594658757#2,12
10660.0,-594658757#2,12
10680.0,-594658757#2,12
10700.0,-594658757#2,12
10720.0,-594658757#2,12
10740.0,-594658757#2,11
10740.0,303647015#0,1
10760.0,-594658757#2,11
10780.0,-594658757#2,11
10800.0,-594658757#2,11
10820.0,-594658757#2,11
10840.0,-594658757#2,11
10860.0,-594658757#2,11
10880.0,-594658757#2,11
10900.0,-594658757#2,11
10920.0,-594658757#2,11
10940.0,-594658757#2,11
10960.0,-594658757#2,11
10980.0,-594658757#2,11
11000.0,-594658757#2,11
11020.0,-594658757#2,11
11040.0,-594658757#2,11
11060.0,-594658757#2,10
11080.0,-594658757#2,10
11100.0,-594658757#2,10
11120.0,-594658757#2,10
11140.0,-594658757#2,10
11160.0,-594658757#2,10
11180.0,-594658757#2,10
11200.0,-594658757#2,10
11220.0,-594658757#2,10
11240.0,-594658757#2,10
11260.0,-594658757#2,10
11280.0,-594658757#2,10
11300.0,-594658757#2,10
11320.0,-594658757#2,10
11340.0,-594658757#2,10
11360.0,-594658757#2,9
11360.0,303647015#0,1
11380.0,-594658757#2,9
11400.0,-594658757#2,9
11420.0,-594658757#2,9
11440.0,-594658757#2,9
11460.0,-594658757#2,9
11480.0,-594658757#2,9
11500.0,-594658757#2,9
11520.0,-594658757#2,9
11540.0,-594658757#2,9
11560.0,-594658757#2,9
11580.0,-594658757#2,9
11600.0,-594658757#2,9
11620.0,-594658757#2,9
11640.0,-594658757#2,9
11660.0,-594658757#2,8
11660.0,303647015#0,1
11680.0,-594658757#2,8
11700.0,-594658757#2,8
11720.0,-594658757#2,8
11740.0,-594658757#2,8
11760.0,-594658757#2,8
11780.0,-594658757#2,8
11800.0,-594658757#2,8
11820.0,-594658757#2,8
11840.0,-594658757#2,8
11860.0,-594658757#2,8
11880.0,-594658757#2,8
11900.0,-594658757#2,8
11920.0,-594658757#2,8
11940.0,-594658757#2,8
11960.0,-594658757#2,7
11960.0,303647015#0,1
11980.0,-594658757#2,7
12000.0,-594658757#2,7
12020.0,-594658757#2,7
12040.0,-594658757#2,7
12060.0,-594658757#2,7
12080.0,-594658757#2,7
12100.0,-594658757#2,7
12120.0,-594658757#2,7
12140.0,-594658757#2,7
12160.0,-594658757#2,7
12180.0,-594658757#2,7
12200.0,-594658757#2,7
12220.0,-594658757#2,7
12240.0,-594658757#2,7
12260.0,-594658757#2,7
12280.0,-594658757#2,6
12280.0,303647015#0,1
12300.0,-594658757#2,6
12320.0,-594658757#2,6
12340.0,-594658757#2,6
12360.0,-594658757#2,6
12380.0,-594658757#2,6
12400.0,-594658757#2,6
12420.0,-594658757#2,6
12440.0,-594658757#2,6
12460.0,-594658757#2,6
12480.0,-594658757#2,6
12500.0,-594658757#2,6
12520.0,-594658757#2,6
12540.0,-594658757#2,6
12560.0,-594658757#2,6
12580.0,-594658757#2,5
12580.0,303647015#0,1
12600.0,-594658757#2,5
12620.0,-594658757#2,5
12640.0,-594658757#2,5
12660.0,-594658757#2,5
12680.0,-594658757#2,5
12700.0,-594658757#2,5
12720.0,-594658757#2,5
12740.0,-594658757#2,5
12760.0,-594658757#2,5
12780.0,-594658757#2,5
12800.0,-594658757#2,5
12820.0,-594658757#2,5
12840.0,-594658757#2,5
12860.0,-594658757#2,5
12880.0,-594658757#2,4
12880.0,303647015#0,1
12900.0,-594658757#2,4
12920.0,-594658757#2,4
12940.0,-594658757#2,4
12960.0,-594658757#2,4
12980.0,-594658757#2,4
13000.0,-594658757#2,4
13020.0,-594658757#2,4
13040.0,-594658757#2,4
13060.0,-594658757#2,4
13080.0,-594658757#2,4
13100.0,-594658757#2,4
13120.0,-594658757#2,4
13140.0,-594658757#2,4
13160.0,-594658757#2,4
13180.0,-594658757#2,3
13180.0,303647015#0,1
13200.0,-594658757#2,3
13220.0,-594658757#2,3
13240.0,-594658757#2,3
13260.0,-594658757#2,3
13280.0,-594658757#2,3
13300.0,-594658757#2,3
13320.0,-594658757#2,3
13340.0,-594658757#2,3
13360.0,-594658757#2,3
13380.0,-594658757#2,3
13400.0,-594658757#2,3
13420.0,-594658757#2,3
13440.0,-594658757#2,3
13460.0,-594658757#2,3
13480.0,-594658757#2,3
13500.0,-594658757#2,2
13500.0,303647015#0,1
13520.0,-594658757#2,2
13540.0,-594658757#2,2
13560.0,-594658757#2,2
13580.0,-594658757#2,2
13600.0,-594658757#2,2
13620.0,-594658757#2,2
13640.0,-594658757#2,2
13660.0,-594658757#2,2
13680.0,-594658757#2,2
13700.0,-594658757#2,2
13720.0,-594658757#2,2
13740.0,-594658757#2,2
13760.0,-594658757#2,2
13780.0,-594658757#2,2
13800.0,-594658757#2,1
13800.0,303647015#0,1
13820.0,-594658757#2,1
13840.0,-594658757#2,1
13860.0,-594658757#2,1
13880.0,-594658757#2,1
13900.0,-594658757#2,1
13920.0,-594658757#2,1
13940.0,-594658757#2,1
13960.0,-594658757#2,1
13980.0,-594658757#2,1
14000.0,-594658757#2,1
