time,edge_id,vehicle_count
20.0,-186602412#3,1
20.0,-49073264#1,3
20.0,-593849724,1
20.0,1068234498#0,1
20.0,1068234499#0,6
20.0,1068440004#1,1
20.0,182334378#0,1
20.0,182334379#0,2
20.0,196961215#0,1
20.0,196961377#3,1
20.0,198001764#0,1
20.0,241518668#0,1
20.0,260881642#0,1
20.0,263217603#0,2
20.0,263217604#0,1
20.0,268564473#0,1
20.0,288135628#0,1
20.0,288878926#0,3
20.0,300077497#0,2
20.0,300077497#6,1
20.0,360843888,4
20.0,48794887#0,2
20.0,48794890,7
20.0,49073247#0,6
20.0,49695733#2,2
20.0,49695736#0,4
20.0,506322844#0,3
20.0,506322846#2,3
20.0,506322848#0,2
20.0,506322851#0,5
20.0,51362429#0,5
20.0,51362431,2
20.0,593844221#0,1
20.0,593847702#3,1
20.0,593847703#0,3
20.0,593849724,1
20.0,593852346,1
20.0,906806086#0,3
20.0,910567294,1
20.0,:622618230_5,1
20.0,:655375233_0,2
20.0,:655375239_2,1
20.0,:655375336_29,1
20.0,:655375336_34,1
20.0,:cluster_2528018119_655375236_1,1
20.0,:cluster_623980090_623980094_1,1
20.0,:cluster_623980090_623980094_11,1
40.0,-300077497#5,3
40.0,-35274074#2,2
40.0,-49073264#1,6
40.0,-593849724,2
40.0,-E0,1
40.0,1068234498#0,2
40.0,1068234499#0,14
40.0,1068440004#1,3
40.0,182334378#0,1
40.0,182334379#0,1
40.0,196961215#0,1
40.0,196961215#2,1
40.0,196961377#3,3
40.0,196961378#1,1
40.0,198001764#0,1
40.0,238526531#0,2
40.0,241518668#0,1
40.0,244450512#4,4
40.0,263217603#0,2
40.0,263217604#0,2
40.0,268564473#0,1
40.0,288878926#0,3
40.0,300077497#0,7
40.0,300077497#6,1
40.0,35274074#0,1
40.0,360843888,2
40.0,48794887#0,1
40.0,48794890,13
40.0,49073247#0,8
40.0,49073272#0,1
40.0,49695733#2,2
40.0,49695736#0,6
40.0,506322844#0,2
40.0,506322846#2,5
40.0,506322848#0,4
40.0,506322851#0,5
40.0,51362429#0,9
40.0,51362431,4
40.0,593847702#3,1
40.0,593847703#0,3
40.0,593847705,1
40.0,593849711#0,1
40.0,593852346,4
40.0,906806086#0,6
40.0,910567294,1
40.0,:3208478128_0,1
40.0,:622618144_4,1
40.0,:655375233_0,1
40.0,:655375238_7,1
40.0,:655375239_3,1
40.0,:655375336_29,1
40.0,:655375336_48,1
40.0,:655375401_0,1
40.0,:cluster_2528018119_655375236_1,1
40.0,:cluster_3431431575_4777363357_655375231_6982059025_12,1
40.0,:cluster_3431431575_4777363357_655375231_6982059025_3,1
40.0,:cluster_623980147_623980152_3,1
60.0,-300077497#5,2
60.0,-35274074#2,3
60.0,-49073264#1,10
60.0,-593849724,5
60.0,1068234498#0,2
60.0,1068234499#0,18
60.0,1068440004#1,3
60.0,182334378#0,3
60.0,182334379#0,1
60.0,196961215#0,1
60.0,196961377#3,9
60.0,196961378#1,1
60.0,198001764#0,1
60.0,241518668#0,1
60.0,244450512#4,1
60.0,263217603#0,1
60.0,263217604#0,5
60.0,268564473#0,2
60.0,288135628#0,3
60.0,288878926#0,5
60.0,288878927,1
60.0,300077497#0,6
60.0,300077497#6,1
60.0,35274074#0,4
60.0,360843888,4
60.0,48794887#0,2
60.0,48794890,20
60.0,49073247#0,6
60.0,49073274,1
60.0,49695733#2,2
60.0,49695736#0,14
60.0,506322842#0,1
60.0,506322844#0,2
60.0,506322846#2,3
60.0,506322848#0,8
60.0,506322851#0,5
60.0,51362429#0,9
60.0,51362431,6
60.0,593844221#0,1
60.0,593847702#3,2
60.0,593847703#0,8
60.0,593847704#0,1
60.0,593847705,1
60.0,593849724,2
60.0,593852345#0,2
60.0,593852346,2
60.0,906806086#0,6
60.0,910567294,2
60.0,:619136999_5,1
60.0,:622618144_0,1
60.0,:622618230_5,1
60.0,:655375233_0,1
60.0,:655375238_7,1
60.0,:cluster_2664674491_655375287_655375288_1,1
60.0,:cluster_5372642442_631668976_631668981_631669076_17,1
60.0,:cluster_623980147_623980152_14,1
80.0,-186602412#3,1
80.0,-300077497#5,2
80.0,-35274074#2,5
80.0,-49073264#1,10
80.0,-593849724,5
80.0,1068234498#0,2
80.0,1068234499#0,8
80.0,1068440004#1,3
80.0,182334378#0,10
80.0,182334379#0,3
80.0,182336887#2,1
80.0,196961215#0,2
80.0,196961215#2,2
80.0,196961377#3,11
80.0,196961378#1,1
80.0,198001764#0,1
80.0,241518668#0,2
80.0,263217603#0,2
80.0,263217604#0,6
80.0,268564473#0,1
80.0,288135628#0,1
80.0,288878926#0,3
80.0,288878927,3
80.0,300077497#0,6
80.0,336063376#0,2
80.0,35274074#0,5
80.0,360843888,3
80.0,48794887#0,1
80.0,48794890,27
80.0,49073247#0,10
80.0,49073264#0,1
80.0,49073272#0,2
80.0,49073274,1
80.0,49695733#2,3
80.0,49695736#0,7
80.0,506322842#0,1
80.0,506322844#0,6
80.0,506322846#0,4
80.0,506322846#2,2
80.0,506322848#0,10
80.0,506322851#0,4
80.0,51362429#0,9
80.0,51362431,7
80.0,51392936#0,1
80.0,593844221#0,1
80.0,593847702#3,3
80.0,593847703#0,15
80.0,593849711#0,1
80.0,593852345#0,6
80.0,906806086#0,3
80.0,910567294,1
80.0,:3208478128_0,1
80.0,:622618108_5,1
80.0,:622618230_1,2
80.0,:622618230_6,1
80.0,:655375233_0,1
80.0,:655375239_0,1
80.0,:cluster_2038168688_655375573_19,1
80.0,:cluster_2038168688_655375573_2,1
80.0,:cluster_2528018119_655375236_10,1
80.0,:cluster_2528018119_655375236_15,1
80.0,:cluster_2528018119_655375236_7,2
80.0,:cluster_623980090_623980094_6,1
100.0,-182336886,1
100.0,-300077497#5,2
100.0,-35274074#2,6
100.0,-49073264#1,11
100.0,-593849724,5
100.0,1068234498#0,1
100.0,1068234499#0,9
100.0,1068440004#1,3
100.0,182334378#0,18
100.0,182336886,1
100.0,182336887#2,1
100.0,196961215#0,2
100.0,196961377#3,5
100.0,238526531#0,3
100.0,241518668#0,3
100.0,244450512#1,1
100.0,244450512#4,4
100.0,263217603#0,2
100.0,263217604#0,8
100.0,268564473#0,2
100.0,288878926#0,4
100.0,288878927,2
100.0,300077497#0,7
100.0,35274074#0,4
100.0,360843888,1
100.0,48794887#0,2
100.0,48794890,33
100.0,49073247#0,10
100.0,49073272#1,1
100.0,49073274,1
100.0,49695733#2,2
100.0,49695736#0,2
100.0,506322842#0,1
100.0,506322844#0,3
100.0,506322846#0,3
100.0,506322846#2,4
100.0,506322848#0,9
100.0,506322851#0,5
100.0,51362429#0,9
100.0,51362431,9
100.0,593844221#0,1
100.0,593847702#3,5
100.0,593847703#0,19
100.0,593849718#0,3
100.0,593852346,5
100.0,906806086#0,4
100.0,910567294,1
100.0,:5664237422_0,1
100.0,:622618108_1,1
100.0,:622618197_0,1
100.0,:622618230_1,1
100.0,:655375233_0,4
100.0,:655375239_3,1
100.0,:cluster_2528018119_655375236_24,1
100.0,:cluster_2528018119_655375236_7,1
100.0,:cluster_2664674491_655375287_655375288_1,1
100.0,:cluster_5372642442_631668976_631668981_631669076_17,1
100.0,:cluster_5372642442_631668976_631668981_631669076_28,1
100.0,:cluster_623980090_623980094_1,1
100.0,:cluster_623980090_623980094_11,1
100.0,:cluster_623980147_623980152_3,1
120.0,-300077497#5,3
120.0,-35274074#2,8
120.0,-49073264#1,11
120.0,-593849724,6
120.0,-594658757#2,1
120.0,1068234498#0,1
120.0,1068234499#0,10
120.0,1068440004#1,3
120.0,1334904386#0,3
120.0,182334378#0,13
120.0,196961215#0,1
120.0,196961215#2,1
120.0,196961377#3,2
120.0,198001764#0,1
120.0,232003903#0,1
120.0,241518668#0,3
120.0,260881642#0,1
120.0,263217603#0,1
120.0,263217604#0,11
120.0,268564473#0,3
120.0,288135626#0,1
120.0,288135628#0,3
120.0,288878926#0,3
120.0,288878927,3
120.0,300077497#0,7
120.0,336063376#0,2
120.0,35274074#0,6
120.0,360843888,4
120.0,48794887#0,1
120.0,48794890,38
120.0,49073247#0,7
120.0,49073272#0,1
120.0,49695733#2,2
120.0,49695736#0,2
120.0,506322842#0,2
120.0,506322844#0,3
120.0,506322846#2,1
120.0,506322848#0,9
120.0,506322851#0,5
120.0,51289045#3,2
120.0,51362429#0,4
120.0,51362431,9
120.0,593844221#0,1
120.0,593847702#3,6
120.0,593847703#0,18
120.0,593849711#0,1
120.0,593849718#0,2
120.0,593849724,3
120.0,593852346,6
120.0,906806086#0,8
120.0,910567294,2
120.0,:2081945236_3,1
120.0,:3208478121_1,1
120.0,:619136999_0,1
120.0,:622618108_3,1
120.0,:622618144_4,1
120.0,:622618230_1,1
120.0,:655375233_0,4
120.0,:655375238_1,1
120.0,:655375238_3,1
120.0,:655375238_6,1
120.0,:655375336_10,1
120.0,:cluster_2038168688_655375573_19,1
120.0,:cluster_2038168688_655375573_2,1
120.0,:cluster_2528018119_655375236_1,1
120.0,:cluster_2528018119_655375236_2,1
120.0,:cluster_2664674491_655375287_655375288_1,1
120.0,:cluster_3208478133_655375293_655375296_9631728504_#1more_14,2
120.0,:cluster_3208478133_655375293_655375296_9631728504_#1more_25,1
120.0,:cluster_3431431575_4777363357_655375231_6982059025_3,1
120.0,:cluster_5372642442_631668976_631668981_631669076_17,1
120.0,:cluster_5372642442_631668976_631668981_631669076_21,1
120.0,:cluster_5372642442_631668976_631668981_631669076_29,1
120.0,:cluster_623980090_623980094_11,1
140.0,-186602412#3,1
140.0,-300077497#5,6
140.0,-35274074#2,9
140.0,-49073264#1,11
140.0,-593849724,6
140.0,-594658757#2,1
140.0,1068234498#0,1
140.0,1068234499#0,18
140.0,1068440004#1,3
140.0,1334904386#0,3
140.0,182334378#0,9
140.0,182334379#0,3
140.0,196961215#0,1
140.0,196961215#2,1
140.0,198001764#0,2
140.0,244450512#1,1
140.0,244450512#4,3
140.0,260881641,1
140.0,263217603#0,2
140.0,263217604#0,12
140.0,268564473#0,3
140.0,288135626#0,2
140.0,288878926#0,4
140.0,288878927,4
140.0,300077497#0,13
140.0,300077497#6,1
140.0,336063376#0,1
140.0,35274074#0,1
140.0,360843888,1
140.0,48794887#0,2
140.0,48794890,38
140.0,49073247#0,10
140.0,49073272#0,1
140.0,49073272#4,1
140.0,49695733#2,2
140.0,49695736#0,2
140.0,506322842#0,2
140.0,506322844#0,2
140.0,506322846#0,2
140.0,506322846#2,4
140.0,506322848#0,9
140.0,506322851#0,5
140.0,51289045#1,1
140.0,51289045#3,2
140.0,51362429#0,2
140.0,51362431,9
140.0,593844221#0,1
140.0,593847702#3,6
140.0,593847703#0,8
140.0,593849718#0,1
140.0,593849724,3
140.0,593852346,6
140.0,594658760#0,1
140.0,906806086#0,9
140.0,910567294,1
140.0,:1973482489_4,1
140.0,:2664674480_1,1
140.0,:3208478128_0,1
140.0,:5664237422_0,1
140.0,:622618108_3,1
140.0,:622618144_4,1
140.0,:622618230_1,1
140.0,:655375232_1,1
140.0,:655375233_0,4
140.0,:655375238_7,1
140.0,:655375401_0,1
140.0,:cluster_2038168688_655375573_19,1
140.0,:cluster_2528018119_655375236_1,2
140.0,:cluster_2664674491_655375287_655375288_1,1
140.0,:cluster_3208478133_655375293_655375296_9631728504_#1more_14,2
140.0,:cluster_3431431575_4777363357_655375231_6982059025_3,1
140.0,:cluster_623980090_623980094_11,1
140.0,:cluster_623980147_623980152_14,1
160.0,-300077497#5,6
160.0,-35274074#2,11
160.0,-49073264#1,11
160.0,-593849724,6
160.0,-594658757#2,1
160.0,-E0,1
160.0,1068234498#0,1
160.0,1068234499#0,21
160.0,1068440004#1,3
160.0,1334904386#0,3
160.0,182334378#0,9
160.0,182334379#0,1
160.0,196961215#0,1
160.0,196961215#2,1
160.0,196961377#3,4
160.0,198001764#0,1
160.0,238526531#0,3
160.0,241518668#0,4
160.0,260881642#0,1
160.0,263217603#0,2
160.0,263217604#0,12
160.0,268564473#0,4
160.0,288878926#0,5
160.0,288878927,4
160.0,300077497#0,15
160.0,300077497#6,1
160.0,35274074#0,7
160.0,360843888,5
160.0,48794887#0,2
160.0,48794890,38
160.0,49073247#0,6
160.0,49073272#0,1
160.0,49073272#4,1
160.0,49695733#2,2
160.0,49695736#0,7
160.0,506322844#0,6
160.0,506322846#2,9
160.0,506322848#0,9
160.0,506322851#0,5
160.0,51362429#0,3
160.0,51362431,9
160.0,51392936#0,1
160.0,593847702#3,1
160.0,593847703#0,5
160.0,593847705,1
160.0,593849711#0,1
160.0,593849724,3
160.0,593852346,6
160.0,906806086#0,11
160.0,910567294,1
160.0,:1973482489_4,1
160.0,:5664237422_0,1
160.0,:619136999_0,1
160.0,:622618108_3,1
160.0,:622618144_4,1
160.0,:622618230_1,1
160.0,:622618230_6,1
160.0,:655375233_0,1
160.0,:655375238_7,1
160.0,:655375239_7,1
160.0,:655375336_29,1
160.0,:655375336_32,1
160.0,:cluster_2038168688_655375573_2,1
160.0,:cluster_2528018119_655375236_1,2
160.0,:cluster_5372642442_631668976_631668981_631669076_17,1
160.0,:cluster_5372642442_631668976_631668981_631669076_21,1
160.0,:cluster_623980090_623980094_12,1
180.0,-300077497#5,6
180.0,-35274074#2,11
180.0,-49073264#1,10
180.0,-593849724,6
180.0,-594658757#2,1
180.0,-E0,1
180.0,1068234498#0,1
180.0,1068234499#0,21
180.0,1068440004#1,5
180.0,1334904386#0,3
180.0,182334378#0,9
180.0,182334379#0,3
180.0,196961215#0,1
180.0,196961377#3,11
180.0,196961378#1,2
180.0,198001764#0,1
180.0,238526531#0,2
180.0,241518668#0,1
180.0,244450512#1,1
180.0,244450512#4,4
180.0,244450512#5,1
180.0,263217603#0,1
180.0,263217604#0,15
180.0,268564473#0,3
180.0,288135626#0,3
180.0,288135628#0,2
180.0,288878926#0,9
180.0,288878927,3
180.0,300077497#0,17
180.0,300077497#6,1
180.0,336063376#0,3
180.0,35274074#0,4
180.0,360843888,2
180.0,48794887#0,2
180.0,48794890,38
180.0,49073247#0,6
180.0,49073272#0,1
180.0,49073272#4,1
180.0,49695733#2,3
180.0,49695736#0,16
180.0,506322842#0,1
180.0,506322844#0,3
180.0,506322846#0,2
180.0,506322846#2,3
180.0,506322848#0,8
180.0,506322851#0,5
180.0,51362429#0,9
180.0,51362431,9
180.0,593844221#0,1
180.0,593847702#3,3
180.0,593847703#0,5
180.0,593849724,5
180.0,593852346,4
180.0,906806086#0,11
180.0,910567294,2
180.0,:1973482489_4,1
180.0,:5664237422_0,1
180.0,:622618015_1,1
180.0,:622618108_3,1
180.0,:622618144_4,1
180.0,:655375233_0,1
180.0,:655375238_1,1
180.0,:655375239_3,1
180.0,:655375336_29,1
180.0,:cluster_2038168688_655375573_2,1
180.0,:cluster_2528018119_655375236_1,1
180.0,:cluster_2528018119_655375236_14,1
180.0,:cluster_5372642442_631668976_631668981_631669076_17,1
180.0,:cluster_5372642442_631668976_631668981_631669076_28,1
180.0,:cluster_623980147_623980152_14,1
200.0,-186602412#3,1
200.0,-300077497#5,1
200.0,-35274074#2,12
200.0,-49073264#1,10
200.0,-593849724,6
200.0,-594658757#2,1
200.0,-E0,1
200.0,1068234498#0,1
200.0,1068234499#0,22
200.0,1068440004#1,5
200.0,1334904386#0,2
200.0,182334378#0,14
200.0,182334379#0,4
200.0,196961215#0,1
200.0,196961377#3,11
200.0,196961378#1,3
200.0,198001764#0,1
200.0,238526531#0,1
200.0,241518668#0,3
200.0,244450512#4,1
200.0,263217603#0,2
200.0,263217604#0,20
200.0,268564473#0,2
200.0,288135626#0,1
200.0,288878926#0,9
200.0,288878927,1
200.0,300077497#0,18
200.0,300077497#6,1
200.0,35274074#0,4
200.0,353392316#0,1
200.0,360843888,3
200.0,48794887#0,2
200.0,48794890,38
200.0,49073247#0,10
200.0,49695733#2,2
200.0,49695736#0,24
200.0,506322844#0,2
200.0,506322846#0,3
200.0,506322846#2,3
200.0,506322848#0,9
200.0,506322851#0,5
200.0,51362429#0,9
200.0,51362431,9
200.0,593844221#0,1
200.0,593847702#3,4
200.0,593847703#0,11
200.0,593849724,2
200.0,593852345#0,1
200.0,593852346,4
200.0,906806086#0,11
200.0,910567294,1
200.0,:5664237422_0,1
200.0,:622618015_1,1
200.0,:622618015_6,1
200.0,:622618108_1,1
200.0,:655375233_0,2
200.0,:655375238_1,1
200.0,:655375239_3,1
200.0,:cluster_2038168688_655375573_13,1
200.0,:cluster_2038168688_655375573_5,1
200.0,:cluster_2528018119_655375236_14,2
200.0,:cluster_2664674491_655375287_655375288_1,1
200.0,:cluster_623980090_623980094_11,1
200.0,:cluster_623980090_623980094_12,1
200.0,:cluster_623980147_623980152_9,1
200.0,:cluster_655375246_655375489_2,1
220.0,-300077497#5,2
220.0,-35274074#2,12
220.0,-49073264#1,10
220.0,-593849724,6
220.0,-594658757#2,1
220.0,-E0,1
220.0,1068234498#0,1
220.0,1068234499#0,14
220.0,1068440004#1,5
220.0,182334378#0,23
220.0,182334379#0,2
220.0,196961215#2,1
220.0,196961377#3,11
220.0,198001764#0,1
220.0,238526531#0,4
220.0,241518668#0,1
220.0,244450512#4,1
220.0,244450512#5,1
220.0,263217603#0,2
220.0,263217604#0,22
220.0,268564473#0,2
220.0,288878926#0,10
220.0,288878927,1
220.0,300077497#0,19
220.0,300077497#6,1
220.0,336063376#0,2
220.0,35274074#0,4
220.0,353392316#0,1
220.0,360843888,4
220.0,48794887#0,2
220.0,48794890,38
220.0,49073247#0,10
220.0,49073272#0,1
220.0,49695733#2,2
220.0,49695736#0,14
220.0,506322842#0,2
220.0,506322844#0,2
220.0,506322846#0,3
220.0,506322846#2,5
220.0,506322848#0,10
220.0,506322851#0,5
220.0,51362429#0,9
220.0,51362430,1
220.0,51362431,9
220.0,593844221#0,1
220.0,593847702#3,5
220.0,593847703#0,18
220.0,593847705,1
220.0,593849724,2
220.0,593852345#0,6
220.0,593852346,3
220.0,906806086#0,6
220.0,910567294,1
220.0,:5664237422_0,1
220.0,:622618015_6,1
220.0,:622618108_5,1
220.0,:655375233_0,1
220.0,:655375238_1,1
220.0,:655375239_2,1
220.0,:655375245_1,1
220.0,:cluster_2038168688_655375573_2,1
220.0,:cluster_2528018119_655375236_10,1
220.0,:cluster_2528018119_655375236_15,1
220.0,:cluster_2528018119_655375236_20,1
220.0,:cluster_2528018119_655375236_7,1
220.0,:cluster_5372642442_631668976_631668981_631669076_17,1
220.0,:cluster_5372642442_631668976_631668981_631669076_29,1
220.0,:cluster_623980090_623980094_11,1
220.0,:cluster_623980147_623980152_3,1
240.0,-300077497#5,3
240.0,-35274074#2,12
240.0,-49073264#1,11
240.0,-593849724,6
240.0,-594658757#2,1
240.0,-E0,1
240.0,1068234498#0,1
240.0,1068234499#0,13
240.0,1068440004#1,3
240.0,182334378#0,22
240.0,182334379#0,3
240.0,182336887#2,1
240.0,196961215#0,2
240.0,196961215#2,1
240.0,196961377#3,11
240.0,198001764#0,1
240.0,238526531#0,1
240.0,241518668#0,5
240.0,244450512#4,1
240.0,263217603#0,1
240.0,263217604#0,22
240.0,268564473#0,3
240.0,288135628#0,3
240.0,288878926#0,13
240.0,288878927,3
240.0,300077497#0,18
240.0,35274074#0,4
240.0,360843888,5
240.0,48794887#0,2
240.0,48794890,38
240.0,49073247#0,10
240.0,49073272#0,1
240.0,49695733#2,3
240.0,49695736#0,9
240.0,506322842#0,2
240.0,506322844#0,6
240.0,506322846#0,4
240.0,506322846#2,2
240.0,506322848#0,10
240.0,506322851#0,5
240.0,51362429#0,9
240.0,51362431,9
240.0,593844221#0,1
240.0,593847702#3,6
240.0,593847703#0,19
240.0,593847705,1
240.0,593849724,2
240.0,593852345#0,5
240.0,593852346,2
240.0,906806086#0,6
240.0,910567294,2
240.0,:622618015_6,1
240.0,:622618108_3,1
240.0,:622618144_5,1
240.0,:655375233_0,3
240.0,:655375233_9,2
240.0,:655375238_1,1
240.0,:655375239_7,1
240.0,:cluster_2528018119_655375236_10,1
240.0,:cluster_2528018119_655375236_15,1
240.0,:cluster_2528018119_655375236_20,1
240.0,:cluster_2528018119_655375236_27,1
240.0,:cluster_2528018119_655375236_7,2
240.0,:cluster_2664674491_655375287_655375288_1,1
240.0,:cluster_5372642442_631668976_631668981_631669076_17,1
240.0,:cluster_623980090_623980094_6,1
260.0,-186602412#3,1
260.0,-300077497#5,3
260.0,-300077497#8,1
260.0,-35274074#2,11
260.0,-49073264#1,11
260.0,-593847703#3,1
260.0,-593849724,6
260.0,-594658757#2,1
260.0,-E0,1
260.0,1068234498#0,1
260.0,1068234499#0,15
260.0,1068440004#1,3
260.0,1334904386#0,2
260.0,182334378#0,14
260.0,182334379#0,2
260.0,196961215#0,3
260.0,196961215#2,1
260.0,196961377#3,11
260.0,198001764#0,1
260.0,238526531#0,2
260.0,241518668#0,1
260.0,244450512#0,1
260.0,244450512#4,3
260.0,263217603#0,2
260.0,263217604#0,24
260.0,268564473#0,5
260.0,288878926#0,17
260.0,288878927,3
260.0,300077497#0,16
260.0,336063376#0,3
260.0,35274074#0,9
260.0,360843888,3
260.0,48794887#0,2
260.0,48794890,38
260.0,49073247#0,10
260.0,49073272#0,1
260.0,49695733#2,2
260.0,49695736#0,3
260.0,506322844#0,3
260.0,506322846#0,1
260.0,506322846#2,6
260.0,506322848#0,10
260.0,506322851#0,5
260.0,51362429#0,9
260.0,51362431,9
260.0,593844221#0,1
260.0,593847702#3,6
260.0,593847703#0,19
260.0,593849724,2
260.0,593852345#0,4
260.0,593852346,2
260.0,906806086#0,3
260.0,910567294,1
260.0,:1926948273_0,1
260.0,:5664237422_0,1
260.0,:622618015_6,1
260.0,:622618108_3,1
260.0,:655375233_0,4
260.0,:655375233_9,2
260.0,:655375238_3,1
260.0,:655375239_3,1
260.0,:655375336_14,1
260.0,:cluster_2038168688_655375573_19,1
260.0,:cluster_2528018119_655375236_10,1
260.0,:cluster_2528018119_655375236_15,1
260.0,:cluster_2528018119_655375236_27,1
260.0,:cluster_2528018119_655375236_7,2
260.0,:cluster_3208478133_655375293_655375296_9631728504_#1more_14,2
260.0,:cluster_3208478133_655375293_655375296_9631728504_#1more_25,1
260.0,:cluster_5372642442_631668976_631668981_631669076_0,1
260.0,:cluster_623980090_623980094_6,1
280.0,-300077497#5,6
280.0,-35274074#2,10
280.0,-49073264#1,11
280.0,-593847703#3,1
280.0,-593849724,6
280.0,-594658757#2,1
280.0,-E0,1
280.0,1068234498#0,1
280.0,1068234499#0,22
280.0,1068440004#1,3
280.0,1334904386#0,4
280.0,182334378#0,2
280.0,182334379#0,3
280.0,196961215#0,2
280.0,196961215#2,1
280.0,196961377#3,4
280.0,198001764#0,2
280.0,238526531#0,3
280.0,241518668#0,1
280.0,244450512#4,2
280.0,260881641,1
280.0,261898534,1
280.0,263217603#0,2
280.0,263217604#0,30
280.0,268564473#0,6
280.0,288135626#0,2
280.0,288135628#0,3
280.0,288878926#0,15
280.0,288878927,2
280.0,300077497#0,19
280.0,300077497#6,2
280.0,30620492#1,1
280.0,336063376#0,1
280.0,35274074#0,3
280.0,360843888,2
280.0,48794887#0,2
280.0,48794890,38
280.0,49073247#0,10
280.0,49073272#0,2
280.0,49695733#2,2
280.0,49695736#0,1
280.0,506322842#0,1
280.0,506322844#0,2
280.0,506322846#0,3
280.0,506322846#2,3
280.0,506322848#0,6
280.0,506322851#0,6
280.0,51289045#1,1
280.0,51289045#3,2
280.0,51362429#0,9
280.0,51362431,9
280.0,593844221#0,1
280.0,593847702#3,6
280.0,593847703#0,13
280.0,593849711#0,1
280.0,593849711#2,1
280.0,593849718#0,2
280.0,593849724,2
280.0,593852345#0,1
280.0,593852346,6
280.0,906806086#0,7
280.0,910567294,1
280.0,:5664237422_0,1
280.0,:622618108_3,1
280.0,:622618144_4,1
280.0,:622618197_6,1
280.0,:655375233_0,4
280.0,:655375233_9,2
280.0,:655375238_7,1
280.0,:655375336_10,1
280.0,:655375336_40,1
280.0,:656132499_1,1
280.0,:cluster_2528018119_655375236_1,2
280.0,:cluster_2664674491_655375287_655375288_1,2
280.0,:cluster_3208478133_655375293_655375296_9631728504_#1more_14,2
280.0,:cluster_5372642442_631668976_631668981_631669076_17,1
280.0,:cluster_623980090_623980094_12,1
280.0,:cluster_623980090_623980094_6,1
280.0,:cluster_623980147_623980152_14,1
280.0,:cluster_655375246_655375489_2,1
300.0,-300077497#5,6
300.0,-35274074#2,12
300.0,-49073264#1,11
300.0,-593847703#3,1
300.0,-593849724,6
300.0,-594658757#2,1
300.0,-E0,1
300.0,1068234498#0,1
300.0,1068234499#0,26
300.0,1068440004#1,3
300.0,1334904386#0,4
300.0,182334379#0,4
300.0,196961215#0,1
300.0,196961215#2,3
300.0,196961377#3,2
300.0,196961378#1,1
300.0,198001764#0,1
300.0,238526531#0,2
300.0,241518668#0,1
300.0,260881641,1
300.0,263217603#0,1
300.0,263217604#0,31
300.0,268564473#0,5
300.0,288135628#0,1
300.0,288878926#0,12
300.0,288878927,4
300.0,300077497#0,16
300.0,300077497#6,2
300.0,30620492#1,1
300.0,336063376#0,1
300.0,35274074#0,3
300.0,360843888,4
300.0,48794887#0,1
300.0,48794890,38
300.0,49073247#0,8
300.0,49073272#0,2
300.0,49695733#2,2
300.0,49695736#0,1
300.0,506322842#0,1
300.0,506322844#0,6
300.0,506322846#0,3
300.0,506322846#2,2
300.0,506322848#0,7
300.0,506322851#0,5
300.0,51289045#3,2
300.0,51362429#0,3
300.0,51362430,1
300.0,51362431,9
300.0,593844221#0,1
300.0,593847702#3,6
300.0,593847703#0,10
300.0,593847705,1
300.0,593849711#2,2
300.0,593849724,2
300.0,593852346,6
300.0,906806086#0,10
300.0,910567294,1
300.0,:622618108_3,1
300.0,:622618144_4,1
300.0,:655375233_0,1
300.0,:655375233_9,2
300.0,:655375238_7,1
300.0,:655375336_29,1
300.0,:656132499_1,1
300.0,:cluster_2038168688_655375573_19,1
300.0,:cluster_2038168688_655375573_2,1
300.0,:cluster_2528018119_655375236_1,4
320.0,-300077497#5,4
320.0,-35274074#2,12
320.0,-49073264#1,11
320.0,-593847703#3,1
320.0,-593849724,6
320.0,-594658757#2,1
320.0,-E0,2
320.0,1068234499#0,26
320.0,1068440004#1,4
320.0,1334904386#0,4
320.0,196961215#2,1
320.0,196961378#1,2
320.0,238526531#0,5
320.0,244450512#4,1
320.0,263217604#0,31
320.0,268564473#0,4
320.0,288878926#0,14
320.0,288878927,2
320.0,300077497#0,14
320.0,300077497#6,3
320.0,35274074#0,7
320.0,360843888,2
320.0,48794890,38
320.0,49073247#0,10
320.0,49073272#0,1
320.0,49073272#3,1
320.0,49695736#0,5
320.0,506322844#0,6
320.0,506322846#0,3
320.0,506322846#2,8
320.0,506322848#0,10
320.0,506322851#0,6
320.0,51362429#0,3
320.0,51362431,8
320.0,593844221#0,1
320.0,593847702#0,2
320.0,593847702#3,6
320.0,593847703#0,14
320.0,593849711#0,1
320.0,593849711#2,2
320.0,593849718#0,2
320.0,593849724,2
320.0,593852346,6
320.0,594658762#0,1
320.0,906806086#0,10
320.0,910567294,2
320.0,:622618108_3,1
320.0,:622618144_4,1
320.0,:655375233_0,1
320.0,:655375238_1,1
320.0,:655375336_29,1
320.0,:cluster_2528018119_655375236_14,2
320.0,:cluster_2664674491_655375287_655375288_1,1
320.0,:cluster_623980147_623980152_3,1
320.0,:cluster_9383263990_9383263991_9383263992_9383263993_20,1
340.0,-300077497#5,1
340.0,-35274074#2,9
340.0,-49073264#1,11
340.0,-593847703#3,1
340.0,-593849724,6
340.0,-594658757#2,1
340.0,-E0,4
340.0,1068234499#0,23
340.0,1068440004#1,4
340.0,1334904386#0,4
340.0,182334378#0,2
340.0,196961215#2,1
340.0,196961377#3,4
340.0,196961378#1,3
340.0,238526531#0,2
340.0,244450512#5,1
340.0,263217604#0,31
340.0,268564473#0,1
340.0,288135626#0,4
340.0,288878926#0,13
340.0,288878927,1
340.0,300077497#0,14
340.0,300077497#6,5
340.0,35274074#0,5
340.0,48794890,37
340.0,49073247#0,6
340.0,49073272#0,1
340.0,49073272#1,1
340.0,49073272#3,1
340.0,49073272#4,2
340.0,49695736#0,7
340.0,506322842#0,1
340.0,506322844#0,6
340.0,506322846#0,4
340.0,506322846#2,1
340.0,506322848#0,9
340.0,506322851#0,5
340.0,51362429#0,5
340.0,51362431,9
340.0,593844221#0,1
340.0,593847702#3,6
340.0,593847703#0,18
340.0,593849724,2
340.0,593852346,6
340.0,668037874,1
340.0,906806086#0,10
340.0,910567294,1
340.0,:622618108_3,1
340.0,:622618144_4,1
340.0,:655375232_13,1
340.0,:655375232_6,1
340.0,:655375233_0,3
340.0,:655375238_7,1
340.0,:655375336_29,1
340.0,:cluster_2038168688_655375573_19,1
340.0,:cluster_2038168688_655375573_2,1
340.0,:cluster_2528018119_655375236_16,1
340.0,:cluster_2528018119_655375236_20,1
340.0,:cluster_2528018119_655375236_7,3
340.0,:cluster_5372642442_631668976_631668981_631669076_21,1
340.0,:cluster_5372642442_631668976_631668981_631669076_29,2
340.0,:cluster_623980090_623980094_12,1
340.0,:cluster_9383263990_9383263991_9383263992_9383263993_7,1
360.0,-300077497#5,1
360.0,-35274074#2,12
360.0,-49073264#1,11
360.0,-51362429#1,1
360.0,-593847703#3,1
360.0,-593849724,6
360.0,-594658757#2,1
360.0,-E0,6
360.0,1068234499#0,10
360.0,1068440004#1,4
360.0,1334904386#0,4
360.0,182334378#0,16
360.0,182334379#0,2
360.0,196961215#2,1
360.0,196961377#3,10
360.0,238526531#0,2
360.0,263217604#0,31
360.0,288135626#0,4
360.0,288878926#0,13
360.0,300077497#0,11
360.0,300077497#6,5
360.0,35274074#0,5
360.0,48794890,37
360.0,49073247#0,6
360.0,49073272#0,1
360.0,49073272#4,4
360.0,49695736#0,3
360.0,506322842#0,1
360.0,506322844#0,6
360.0,506322846#0,3
360.0,506322846#2,2
360.0,506322848#0,9
360.0,506322851#0,5
360.0,51362429#0,9
360.0,51362431,9
360.0,593844221#0,1
360.0,593847702#3,6
360.0,593847703#0,18
360.0,593849724,2
360.0,593852345#0,1
360.0,593852346,6
360.0,668037874,1
360.0,906806086#0,9
360.0,910567294,1
360.0,:619136999_5,1
360.0,:622618108_3,1
360.0,:622618144_4,1
360.0,:655375233_0,4
360.0,:655375238_7,1
360.0,:cluster_2038168688_655375573_19,1
360.0,:cluster_2038168688_655375573_2,1
360.0,:cluster_2528018119_655375236_10,2
360.0,:cluster_2528018119_655375236_15,1
360.0,:cluster_2528018119_655375236_20,1
360.0,:cluster_2528018119_655375236_7,1
360.0,:cluster_5372642442_631668976_631668981_631669076_29,1
360.0,:cluster_623980090_623980094_11,1
360.0,:cluster_9383263990_9383263991_9383263992_9383263993_8,1
380.0,-300077497#5,1
380.0,-35274074#2,12
380.0,-49073264#1,11
380.0,-593847703#3,1
380.0,-593849724,6
380.0,-594658757#2,1
380.0,-E0,6
380.0,1068234499#0,15
380.0,1068440004#1,4
380.0,182334378#0,18
380.0,196961215#2,2
380.0,196961377#3,11
380.0,238526531#0,4
380.0,263217604#0,31
380.0,288878926#0,13
380.0,288878927,1
380.0,300077497#0,9
380.0,300077497#6,5
380.0,35274074#0,6
380.0,48794890,38
380.0,49073247#0,10
380.0,49073272#0,1
380.0,49073272#4,4
380.0,506322842#0,2
380.0,506322844#0,6
380.0,506322846#0,4
380.0,506322846#2,2
380.0,506322848#0,9
380.0,506322851#0,5
380.0,51362429#0,9
380.0,51362431,9
380.0,593844221#0,1
380.0,593847702#3,6
380.0,593847703#0,16
380.0,593849724,2
380.0,593852345#0,3
380.0,593852346,6
380.0,668037874,1
380.0,906806086#0,2
380.0,910567294,2
380.0,:622618108_3,1
380.0,:622618144_4,1
380.0,:622618144_5,1
380.0,:655375233_0,4
380.0,:655375233_4,1
380.0,:655375238_1,1
380.0,:cluster_2038168688_655375573_19,1
380.0,:cluster_2038168688_655375573_2,1
380.0,:cluster_2528018119_655375236_1,2
380.0,:cluster_623980090_623980094_6,1
400.0,-300077497#5,1
400.0,-35274074#2,12
400.0,-49073264#1,11
400.0,-593849724,6
400.0,-594658757#2,1
400.0,-E0,6
400.0,1068234499#0,22
400.0,1068440004#1,2
400.0,182334378#0,16
400.0,182336886,1
400.0,196961215#2,2
400.0,196961377#3,8
400.0,238526531#0,2
400.0,263217604#0,31
400.0,288878926#0,13
400.0,300077497#0,12
400.0,300077497#6,5
400.0,35274074#0,7
400.0,48794890,38
400.0,49073247#0,10
400.0,49073272#0,1
400.0,49073272#4,3
400.0,506322841#1,1
400.0,506322844#0,6
400.0,506322846#2,1
400.0,506322848#0,9
400.0,51362429#0,9
400.0,51362431,9
400.0,593844221#0,1
400.0,593847702#0,1
400.0,593847702#3,6
400.0,593847703#0,7
400.0,593849718#0,2
400.0,593849724,2
400.0,593852345#0,3
400.0,593852346,6
400.0,668037874,1
400.0,910567294,1
400.0,:622618108_3,1
400.0,:622618112_6,1
400.0,:622618144_4,1
400.0,:622618197_6,1
400.0,:655375233_0,3
400.0,:655375233_9,2
400.0,:655375238_7,1
400.0,:655375336_10,1
400.0,:655375336_16,1
400.0,:cluster_2038168688_655375573_19,1
400.0,:cluster_2528018119_655375236_1,2
400.0,:cluster_619136929_619136942_8,1
400.0,:cluster_623980090_623980094_6,1
420.0,-300077497#5,1
420.0,-35274074#2,12
420.0,-49073264#1,11
420.0,-593849724,6
420.0,-594658757#2,2
420.0,-E0,6
420.0,1068234499#0,24
420.0,1068440004#1,2
420.0,1334904386#0,4
420.0,182334378#0,4
420.0,196961215#2,1
420.0,196961377#3,2
420.0,232003903#0,1
420.0,238526531#0,2
420.0,263217604#0,31
420.0,288878926#0,13
420.0,300077497#0,22
420.0,300077497#6,5
420.0,353392316#0,4
420.0,48794890,38
420.0,49073247#0,10
420.0,49073272#0,1
420.0,49073272#4,2
420.0,506322842#0,2
420.0,506322844#0,6
420.0,506322846#0,5
420.0,506322846#2,2
420.0,506322848#0,9
420.0,51289045#1,1
420.0,51289045#3,2
420.0,51362429#0,9
420.0,51362431,9
420.0,593844221#0,1
420.0,593847702#0,2
420.0,593847702#3,6
420.0,593847703#0,3
420.0,593849718#0,2
420.0,593849724,2
420.0,593852346,6
420.0,668037874,1
420.0,910567294,1
420.0,:622618108_3,1
420.0,:622618144_4,1
420.0,:622618197_6,1
420.0,:655375233_0,2
420.0,:655375336_10,1
420.0,:cluster_2038168688_655375573_2,1
420.0,:cluster_2528018119_655375236_1,2
420.0,:cluster_3208478133_655375293_655375296_9631728504_#1more_14,2
420.0,:cluster_5372642442_631668976_631668981_631669076_21,1
420.0,:cluster_5372642442_631668976_631668981_631669076_29,1
440.0,-35274074#2,12
440.0,-49073264#1,11
440.0,-593849724,6
440.0,-594658757#2,1
440.0,-E0,6
440.0,1068234499#0,24
440.0,1068440004#1,2
440.0,1334904386#0,4
440.0,182334378#0,1
440.0,196961215#2,1
440.0,196961377#3,3
440.0,238526531#0,2
440.0,260881641,2
440.0,263217604#0,31
440.0,288135626#0,5
440.0,288878926#0,13
440.0,300077497#0,27
440.0,300077497#6,5
440.0,353392316#0,2
440.0,48794890,38
440.0,49073247#0,6
440.0,49073272#0,1
440.0,49073272#4,4
440.0,506322844#0,6
440.0,506322846#0,2
440.0,506322848#0,9
440.0,51289045#3,3
440.0,51362429#0,9
440.0,51362431,9
440.0,593844221#0,1
440.0,593847702#3,6
440.0,593847703#0,7
440.0,593847705,1
440.0,593849724,2
440.0,593852346,6
440.0,668037874,1
440.0,910567294,2
440.0,:619136999_5,1
440.0,:622618108_3,1
440.0,:622618144_4,1
440.0,:655375233_0,1
440.0,:cluster_3208478133_655375293_655375296_9631728504_#1more_14,1
440.0,:cluster_3208478133_655375293_655375296_9631728504_#1more_25,1
440.0,:cluster_5372642442_631668976_631668981_631669076_21,1
440.0,:cluster_5372642442_631668976_631668981_631669076_24,1
440.0,:cluster_5372642442_631668976_631668981_631669076_29,2
460.0,-35274074#2,12
460.0,-49073264#1,11
460.0,-593849724,6
460.0,-594658757#2,1
460.0,-E0,6
460.0,1068234499#0,18
460.0,1068440004#1,3
460.0,182334378#0,7
460.0,196961215#2,1
460.0,196961377#3,10
460.0,238526531#0,2
460.0,263217604#0,30
460.0,288878926#0,13
460.0,300077497#0,27
460.0,300077497#6,5
460.0,353392316#0,1
460.0,360843888,1
460.0,48794890,38
460.0,49073247#0,6
460.0,49073272#0,1
460.0,49073272#4,4
460.0,49695736#0,4
460.0,506322844#0,6
460.0,506322848#0,9
460.0,51362429#0,9
460.0,51362431,9
460.0,593847702#3,5
460.0,593847703#0,14
460.0,593849721,1
460.0,593849724,2
460.0,593852346,6
460.0,668037874,1
460.0,910567294,1
460.0,:619136999_0,1
460.0,:622618108_3,1
460.0,:622618144_4,1
460.0,:655375233_0,1
460.0,:655375336_29,2
460.0,:655375336_34,1
460.0,:cluster_2528018119_655375236_7,2
480.0,-35274074#2,12
480.0,-49073264#1,11
480.0,-593849724,5
480.0,-594658757#2,1
480.0,-E0,6
480.0,1068234499#0,14
480.0,1068440004#1,3
480.0,182334378#0,18
480.0,196961215#2,1
480.0,196961377#3,11
480.0,238526531#0,1
480.0,263217604#0,30
480.0,288135626#0,1
480.0,288878926#0,12
480.0,300077497#0,27
480.0,300077497#6,5
480.0,353392316#0,2
480.0,48794890,38
480.0,49073247#0,10
480.0,49073272#0,2
480.0,49695733#0,1
480.0,49695736#0,8
480.0,506322844#0,6
480.0,506322848#0,9
480.0,506322857#0,1
480.0,51362429#0,9
480.0,51362431,9
480.0,593844221#0,1
480.0,593847702#3,6
480.0,593847703#0,18
480.0,593849721,1
480.0,593849724,3
480.0,593852346,6
480.0,668037874,1
480.0,:622618144_4,1
480.0,:655375233_0,4
480.0,:655375336_32,1
480.0,:655375336_48,1
480.0,:655375336_49,1
480.0,:cluster_2528018119_655375236_20,1
480.0,:cluster_2528018119_655375236_7,2
500.0,-35274074#2,12
500.0,-49073264#1,10
500.0,-593847703#3,1
500.0,-593849724,6
500.0,-594658757#2,1
500.0,-E0,9
500.0,1068234499#0,16
500.0,1068440004#1,4
500.0,182334378#0,25
500.0,196961377#3,5
500.0,238526531#0,1
500.0,263217604#0,31
500.0,288878926#0,13
500.0,300077497#0,27
500.0,300077497#6,5
500.0,353392316#0,2
500.0,48794890,38
500.0,49073247#0,10
500.0,49073272#0,2
500.0,49695733#0,1
500.0,49695733#2,1
500.0,49695736#0,12
500.0,506322844#0,6
500.0,506322848#0,9
500.0,51362429#0,9
500.0,51362431,9
500.0,593844221#0,1
500.0,593847702#3,6
500.0,593847703#0,18
500.0,593849718#0,3
500.0,593849724,3
500.0,593852345#0,1
500.0,593852346,6
500.0,668037874,1
500.0,:622618015_3,1
500.0,:622618144_4,1
500.0,:622618197_6,1
500.0,:655375233_0,4
500.0,:cluster_2528018119_655375236_7,1
520.0,-35274074#2,12
520.0,-49073264#1,10
520.0,-593847703#3,1
520.0,-593849724,6
520.0,-594658757#2,1
520.0,-E0,9
520.0,1068234498#0,2
520.0,1068234499#0,23
520.0,1068440004#1,4
520.0,182334378#0,26
520.0,196961377#3,3
520.0,238526531#0,1
520.0,263217604#0,28
520.0,288135626#0,2
520.0,288878926#0,13
520.0,300077497#0,27
520.0,300077497#6,5
520.0,48794890,38
520.0,49073247#0,7
520.0,49073272#0,2
520.0,49695736#0,12
520.0,506322844#0,6
520.0,506322848#0,9
520.0,51362429#0,8
520.0,51362431,9
520.0,593844221#0,1
520.0,593847702#3,6
520.0,593847703#0,18
520.0,593849718#0,2
520.0,593849724,3
520.0,593852346,6
520.0,594658760#0,2
520.0,668037874,1
520.0,:622618015_3,1
520.0,:622618144_4,1
520.0,:622618197_6,1
520.0,:655375232_1,1
520.0,:655375233_0,4
520.0,:cluster_2038168688_655375573_2,1
540.0,-35274074#2,12
540.0,-49073264#1,10
540.0,-593847703#3,1
540.0,-593849724,6
540.0,-594658757#2,1
540.0,-E0,9
540.0,1068234499#0,21
540.0,1068440004#1,4
540.0,182334378#0,28
540.0,196961377#3,3
540.0,238526531#0,1
540.0,263217604#0,29
540.0,288135626#0,2
540.0,288878926#0,13
540.0,300077497#0,26
540.0,300077497#6,3
540.0,48794890,38
540.0,49073247#0,10
540.0,49073272#0,2
540.0,49695736#0,12
540.0,506322844#0,6
540.0,506322848#0,9
540.0,51362429#0,3
540.0,51362431,9
540.0,593844221#0,1
540.0,593847702#3,6
540.0,593847703#0,18
540.0,593849724,2
540.0,593852345#0,1
540.0,593852346,6
540.0,668037874,1
540.0,:622618015_3,1
540.0,:622618144_4,1
540.0,:655375232_1,1
540.0,:655375233_0,4
540.0,:655375238_0,1
540.0,:655375239_7,1
560.0,-35274074#2,12
560.0,-49073264#1,10
560.0,-593847703#3,1
560.0,-593849724,6
560.0,-594658757#2,2
560.0,-E0,9
560.0,1068234499#0,22
560.0,1068440004#1,4
560.0,1334904386#0,4
560.0,182334378#0,19
560.0,196961377#3,9
560.0,196961379#0,1
560.0,232003903#0,1
560.0,238526531#0,1
560.0,263217604#0,31
560.0,288878926#0,13
560.0,300077497#0,18
560.0,300077497#6,4
560.0,35274074#0,5
560.0,48794890,38
560.0,49073247#0,6
560.0,49073272#0,2
560.0,49695736#0,12
560.0,506322844#0,6
560.0,506322846#0,1
560.0,506322848#0,9
560.0,51362429#0,2
560.0,51362431,9
560.0,593844221#0,1
560.0,593847702#3,6
560.0,593847703#0,18
560.0,593852346,6
560.0,668037874,1
560.0,:622618015_3,1
560.0,:622618144_4,1
560.0,:655375232_1,1
560.0,:655375233_0,4
560.0,:655375238_1,1
560.0,:655375336_14,1
560.0,:cluster_3208478133_655375293_655375296_9631728504_#1more_25,1
580.0,-35274074#2,11
580.0,-49073264#1,10
580.0,-593847703#3,1
580.0,-593849724,6
580.0,-594658757#2,2
580.0,-E0,9
580.0,1068234499#0,18
580.0,1068440004#1,4
580.0,1334904386#0,11
580.0,182334378#0,7
580.0,196961377#3,8
580.0,232003903#0,1
580.0,238526531#0,1
580.0,260881641,1
580.0,263217604#0,31
580.0,288878926#0,13
580.0,300077497#0,15
580.0,300077497#6,5
580.0,35274074#0,7
580.0,48794890,38
580.0,49073247#0,10
580.0,49073272#0,2
580.0,49695736#0,8
580.0,506322844#0,6
580.0,506322846#0,3
580.0,506322848#0,9
580.0,51289045#3,2
580.0,51362429#0,3
580.0,51362431,9
580.0,593844221#0,1
580.0,593847702#3,6
580.0,593847703#0,18
580.0,593849718#0,2
580.0,593852345#0,1
580.0,593852346,6
580.0,668037874,1
580.0,:622618108_1,1
580.0,:622618144_4,1
580.0,:622618197_6,1
580.0,:655375233_0,4
580.0,:cluster_2038168688_655375573_2,1
580.0,:cluster_2528018119_655375236_10,2
580.0,:cluster_2528018119_655375236_15,1
580.0,:cluster_2528018119_655375236_27,1
580.0,:cluster_2528018119_655375236_7,2
580.0,:cluster_3208478133_655375293_655375296_9631728504_#1more_14,2
580.0,:cluster_3208478133_655375293_655375296_9631728504_#1more_25,1
600.0,-35274074#2,12
600.0,-49073264#1,10
600.0,-593849724,6
600.0,-594658757#2,2
600.0,-E0,9
600.0,1068234499#0,10
600.0,1068440004#1,4
600.0,1334904386#0,12
600.0,182334378#0,12
600.0,196961377#3,5
600.0,232003903#0,1
600.0,238526531#0,1
600.0,260881641,2
600.0,263217604#0,31
600.0,288878926#0,13
600.0,300077497#0,16
600.0,300077497#6,5
600.0,35274074#0,6
600.0,48794890,38
600.0,49073247#0,8
600.0,49073272#0,2
600.0,49695736#0,1
600.0,506322844#0,6
600.0,506322846#0,4
600.0,506322848#0,8
600.0,51289045#1,1
600.0,51289045#3,2
600.0,51362429#0,3
600.0,51362431,9
600.0,593844221#0,1
600.0,593847702#0,1
600.0,593847702#3,6
600.0,593847703#0,18
600.0,593849718#0,3
600.0,593852346,6
600.0,668037874,1
600.0,:622618108_1,1
600.0,:622618144_4,1
600.0,:622618197_0,1
600.0,:655375233_0,4
600.0,:655375238_7,1
600.0,:655375336_10,2
600.0,:cluster_2038168688_655375573_19,1
600.0,:cluster_2528018119_655375236_10,2
600.0,:cluster_2528018119_655375236_15,1
600.0,:cluster_2528018119_655375236_7,2
600.0,:cluster_3208478133_655375293_655375296_9631728504_#1more_14,2
620.0,-35274074#2,12
620.0,-49073264#1,10
620.0,-593849724,6
620.0,-594658757#2,2
620.0,-E0,9
620.0,1068234499#0,7
620.0,1068440004#1,3
620.0,1334904386#0,9
620.0,182334378#0,18
620.0,232003903#0,3
620.0,238526531#0,1
620.0,260881641,1
620.0,263217604#0,31
620.0,288878926#0,13
620.0,300077497#0,14
620.0,300077497#6,5
620.0,35274074#0,6
620.0,360843888,2
620.0,48794890,38
620.0,49073247#0,10
620.0,49073272#0,2
620.0,49073272#3,1
620.0,49695736#0,2
620.0,506322844#0,6
620.0,506322846#0,4
620.0,506322848#0,9
620.0,51289045#3,1
620.0,51362429#0,3
620.0,51362431,8
620.0,593847702#3,6
620.0,593847703#0,18
620.0,593849718#0,2
620.0,593852346,6
620.0,594658762#0,1
620.0,668037874,1
620.0,:622618108_1,1
620.0,:622618144_4,1
620.0,:655375233_0,4
620.0,:655375233_11,1
620.0,:655375233_9,1
620.0,:655375238_7,1
620.0,:655375336_29,3
620.0,:cluster_2038168688_655375573_19,1
620.0,:cluster_2528018119_655375236_10,2
620.0,:cluster_2528018119_655375236_7,1
620.0,:cluster_655375246_655375489_2,1
640.0,-35274074#2,12
640.0,-49073264#1,10
640.0,-593849724,6
640.0,-594658757#2,2
640.0,-E0,10
640.0,1068234499#0,11
640.0,1068440004#1,3
640.0,1334904386#0,3
640.0,182334378#0,19
640.0,196961377#0,1
640.0,196961377#3,6
640.0,232003903#0,3
640.0,238526531#0,1
640.0,263217604#0,31
640.0,288878926#0,13
640.0,300077497#0,13
640.0,300077497#6,5
640.0,35274074#0,11
640.0,360843888,1
640.0,48794890,37
640.0,49073247#0,7
640.0,49073272#0,1
640.0,49073272#4,1
640.0,49695736#0,5
640.0,506322844#0,6
640.0,506322848#0,9
640.0,51362429#0,2
640.0,51362431,9
640.0,593847702#3,2
640.0,593847703#0,15
640.0,593852346,5
640.0,668037874,1
640.0,:622618108_3,1
640.0,:622618144_4,1
640.0,:655375232_1,1
640.0,:655375233_0,4
640.0,:655375233_11,1
640.0,:655375233_9,1
640.0,:cluster_2528018119_655375236_1,2
640.0,:cluster_655375246_655375489_9,1
660.0,-35274074#2,12
660.0,-49073264#1,6
660.0,-593849724,5
660.0,-594658757#2,2
660.0,-E0,10
660.0,1068234499#0,13
660.0,1068440004#1,3
660.0,182334378#0,19
660.0,196961377#3,11
660.0,232003903#0,3
660.0,238526531#0,1
660.0,263217604#0,31
660.0,288878926#0,12
660.0,300077497#0,20
660.0,300077497#6,5
660.0,35274074#0,6
660.0,48794890,37
660.0,49073247#0,8
660.0,49073272#0,1
660.0,49073272#4,1
660.0,49695736#0,5
660.0,506322844#0,6
660.0,506322846#0,4
660.0,506322848#0,9
660.0,51362431,9
660.0,593847702#3,1
660.0,593847703#0,6
660.0,593852345#0,3
660.0,593852346,3
660.0,668037874,1
660.0,:622618015_0,1
660.0,:622618230_1,1
660.0,:655375233_0,2
660.0,:655375233_11,1
660.0,:655375233_9,1
660.0,:655375238_7,1
660.0,:cluster_2038168688_655375573_19,1
660.0,:cluster_2528018119_655375236_1,3
680.0,-35274074#2,12
680.0,-49073264#1,5
680.0,-593847705,1
680.0,-593849724,6
680.0,-594658757#2,2
680.0,-E0,10
680.0,1068234499#0,13
680.0,1068440004#1,3
680.0,182334378#0,19
680.0,196961215#2,1
680.0,196961377#3,11
680.0,232003903#0,3
680.0,238526531#0,1
680.0,263217604#0,31
680.0,288878926#0,11
680.0,300077497#0,23
680.0,300077497#6,5
680.0,353392316#0,1
680.0,48794890,38
680.0,49073247#0,10
680.0,49073272#0,1
680.0,49695736#0,5
680.0,506322844#0,6
680.0,506322846#0,5
680.0,506322846#2,6
680.0,506322848#0,9
680.0,51362431,9
680.0,593847702#0,1
680.0,593847702#3,1
680.0,593847703#0,8
680.0,593847705,1
680.0,593852345#0,2
680.0,593852346,3
680.0,668037874,1
680.0,:622618144_3,1
680.0,:622618230_1,2
680.0,:655375233_0,1
680.0,:cluster_2038168688_655375573_2,1
680.0,:cluster_623980090_623980094_6,1
700.0,-35274074#2,12
700.0,-49073264#1,5
700.0,-593849724,6
700.0,-594658757#2,2
700.0,-E0,10
700.0,1068234499#0,9
700.0,1068440004#1,3
700.0,1334904386#0,4
700.0,182334378#0,12
700.0,196961215#2,1
700.0,196961377#3,11
700.0,232003903#0,2
700.0,238526531#0,1
700.0,263217604#0,31
700.0,288135626#0,5
700.0,288878926#0,11
700.0,300077497#0,25
700.0,300077497#6,5
700.0,48794890,38
700.0,49073247#0,10
700.0,49073272#0,2
700.0,49073272#3,1
700.0,49695736#0,1
700.0,506322844#0,6
700.0,506322846#2,3
700.0,506322848#0,9
700.0,51289045#3,2
700.0,51362431,9
700.0,593847702#3,1
700.0,593847703#0,15
700.0,593852345#0,5
700.0,593852346,3
700.0,668037874,1
700.0,:1973482489_4,1
700.0,:2664674480_1,1
700.0,:622618144_3,1
700.0,:622618230_1,2
700.0,:655375233_0,1
700.0,:655375336_40,1
700.0,:cluster_2528018119_655375236_10,2
700.0,:cluster_2528018119_655375236_15,2
700.0,:cluster_3208478133_655375293_655375296_9631728504_#1more_14,1
700.0,:cluster_5372642442_631668976_631668981_631669076_21,1
700.0,:cluster_5372642442_631668976_631668981_631669076_29,1
700.0,:cluster_5372642442_631668976_631668981_631669076_6,1
700.0,:cluster_623980090_623980094_6,2
720.0,-35274074#2,12
720.0,-49073264#1,10
720.0,-593849724,6
720.0,-594658757#2,2
720.0,-E0,10
720.0,1068234499#0,7
720.0,1068440004#1,3
720.0,1334904386#0,4
720.0,182334378#0,14
720.0,182334379#0,1
720.0,196961215#2,1
720.0,196961377#3,11
720.0,232003903#0,3
720.0,238526531#0,1
720.0,263217604#0,31
720.0,288135626#0,3
720.0,288878926#0,11
720.0,300077497#0,27
720.0,300077497#6,5
720.0,48794890,38
720.0,49073247#0,10
720.0,49073272#3,1
720.0,49073272#4,1
720.0,49695736#0,1
720.0,506322844#0,6
720.0,506322848#0,9
720.0,51362431,9
720.0,593847702#3,3
720.0,593847703#0,18
720.0,593849724,2
720.0,593852345#0,1
720.0,593852346,2
720.0,668037874,1
720.0,:655375233_0,4
720.0,:cluster_2528018119_655375236_24,2
720.0,:cluster_623980090_623980094_6,1
740.0,-35274074#2,12
740.0,-49073264#1,10
740.0,-593849724,6
740.0,-594658757#2,1
740.0,-E0,10
740.0,1068234499#0,5
740.0,1068440004#1,1
740.0,182334378#0,14
740.0,196961377#3,11
740.0,196961379#0,1
740.0,232003903#0,3
740.0,238526531#0,2
740.0,263217604#0,31
740.0,288878926#0,9
740.0,300077497#0,27
740.0,300077497#6,5
740.0,303647015#0,1
740.0,353392316#0,1
740.0,48794890,38
740.0,49073247#0,10
740.0,49073272#0,1
740.0,49073272#4,1
740.0,49695736#0,1
740.0,506322844#0,6
740.0,506322848#0,9
740.0,51362431,9
740.0,593847702#3,3
740.0,593847703#0,18
740.0,593852346,6
740.0,668037874,1
740.0,:622618144_4,1
740.0,:622618230_1,2
740.0,:655375233_0,4
740.0,:655375233_9,2
740.0,:cluster_2528018119_655375236_24,2
740.0,:cluster_2528018119_655375236_7,2
760.0,-35274074#2,12
760.0,-49073264#1,10
760.0,-593849724,6
760.0,-594658757#2,1
760.0,-E0,10
760.0,1068234499#0,5
760.0,1068440004#1,1
760.0,182334378#0,15
760.0,196961377#3,11
760.0,232003903#0,2
760.0,238526531#0,2
760.0,263217604#0,31
760.0,288878926#0,9
760.0,300077497#0,27
760.0,300077497#6,5
760.0,353392316#0,1
760.0,48794890,38
760.0,49073247#0,10
760.0,49073272#0,1
760.0,49073272#4,1
760.0,49695736#0,1
760.0,506322844#0,6
760.0,506322848#0,9
760.0,51362431,9
760.0,593847702#3,3
760.0,593847703#0,18
760.0,593852346,6
760.0,668037874,1
760.0,:622618144_4,1
760.0,:622618230_1,2
760.0,:655375233_0,4
760.0,:655375233_9,2
760.0,:655375336_14,1
760.0,:cluster_2528018119_655375236_24,2
760.0,:cluster_3208478133_655375293_655375296_9631728504_#1more_14,1
780.0,-35274074#2,12
780.0,-49073264#1,10
780.0,-593849724,5
780.0,-594658757#2,1
780.0,-E0,8
780.0,1068234499#0,5
780.0,1068440004#1,1
780.0,1334904386#0,3
780.0,182334378#0,10
780.0,196961377#3,10
780.0,232003903#0,2
780.0,260881641,1
780.0,263217604#0,31
780.0,288135626#0,1
780.0,288878926#0,9
780.0,300077497#0,27
780.0,300077497#6,5
780.0,48794890,38
780.0,49073247#0,10
780.0,49073272#0,1
780.0,49073272#4,1
780.0,49695736#0,1
780.0,506322841#1,1
780.0,506322844#0,6
780.0,506322848#0,9
780.0,51289045#3,1
780.0,51362431,9
780.0,593847702#3,6
780.0,593847703#0,18
780.0,593852346,6
780.0,668037874,1
780.0,:2664674480_1,1
780.0,:3086736518_14,1
780.0,:3208478132_0,1
780.0,:622618144_4,1
780.0,:622618197_0,1
780.0,:655375233_0,4
780.0,:655375233_9,2
780.0,:cluster_2528018119_655375236_24,2
800.0,-35274074#2,12
800.0,-49073264#1,10
800.0,-593849724,6
800.0,-594658757#2,1
800.0,-E0,8
800.0,1068234499#0,3
800.0,1068440004#1,1
800.0,1334904386#0,3
800.0,182334378#0,12
800.0,196961377#3,4
800.0,232003903#0,2
800.0,263217604#0,31
800.0,288878926#0,9
800.0,300077497#0,27
800.0,300077497#6,5
800.0,48794890,38
800.0,49073247#0,10
800.0,49073272#0,1
800.0,49695736#0,1
800.0,506322844#0,6
800.0,506322846#0,1
800.0,506322848#0,9
800.0,51362431,9
800.0,593847702#3,6
800.0,593847703#0,18
800.0,593849718#0,3
800.0,593852346,6
800.0,668037874,1
800.0,:3086736518_14,1
800.0,:622618144_4,1
800.0,:655375233_0,4
800.0,:655375233_9,2
800.0,:cluster_2528018119_655375236_24,2
800.0,:cluster_619136929_619136942_8,1
820.0,-35274074#2,12
820.0,-49073264#1,10
820.0,-593849724,6
820.0,-594658757#2,1
820.0,-E0,8
820.0,1068234499#0,3
820.0,1068440004#1,1
820.0,182334378#0,12
820.0,196961377#3,3
820.0,232003903#0,2
820.0,263217604#0,30
820.0,288878926#0,9
820.0,300077497#0,27
820.0,300077497#6,5
820.0,303647015#0,1
820.0,35274074#0,1
820.0,353392316#0,1
820.0,48794890,38
820.0,49073247#0,9
820.0,49073272#0,1
820.0,49695736#0,1
820.0,506322844#0,6
820.0,506322848#0,9
820.0,51362431,9
820.0,593847702#3,6
820.0,593847703#0,18
820.0,593849718#0,2
820.0,593852346,6
820.0,668037874,1
820.0,:3086736518_14,1
820.0,:622618144_4,1
820.0,:655375233_0,4
820.0,:655375233_9,2
820.0,:cluster_2528018119_655375236_24,2
840.0,-35274074#2,12
840.0,-49073264#1,10
840.0,-593849724,6
840.0,-594658757#2,1
840.0,-E0,8
840.0,1068234499#0,3
840.0,1068440004#1,1
840.0,1334904386#0,1
840.0,182334378#0,9
840.0,196961377#3,4
840.0,263217604#0,30
840.0,288878926#0,9
840.0,300077497#0,27
840.0,300077497#6,5
840.0,353392316#0,1
840.0,48794890,38
840.0,49073247#0,9
840.0,49073272#0,1
840.0,49695736#0,1
840.0,506322844#0,6
840.0,506322846#0,1
840.0,506322848#0,9
840.0,51362431,9
840.0,593847702#3,6
840.0,593847703#0,18
840.0,593852346,6
840.0,668037874,1
840.0,:3086736518_14,1
840.0,:622618144_4,1
840.0,:655375233_0,4
840.0,:655375233_9,2
840.0,:655375336_10,1
840.0,:cluster_2528018119_655375236_24,2
840.0,:cluster_3208478133_655375293_655375296_9631728504_#1more_14,2
840.0,:cluster_3208478133_655375293_655375296_9631728504_#1more_25,1
860.0,-35274074#2,12
860.0,-49073264#1,10
860.0,-593849724,6
860.0,-594658757#2,1
860.0,-E0,8
860.0,1068234499#0,3
860.0,1068440004#1,1
860.0,1334904386#0,1
860.0,182334378#0,8
860.0,196961377#3,11
860.0,232003903#0,2
860.0,260881641,1
860.0,263217604#0,30
860.0,288135626#0,1
860.0,288878926#0,9
860.0,300077497#0,27
860.0,300077497#6,5
860.0,48794890,38
860.0,49073247#0,6
860.0,49073272#0,1
860.0,49695736#0,1
860.0,506322844#0,6
860.0,506322848#0,8
860.0,51362431,9
860.0,593847702#3,6
860.0,593847703#0,18
860.0,593852346,6
860.0,594658760#0,2
860.0,668037874,1
860.0,:3086736518_14,1
860.0,:622618144_4,1
860.0,:655375233_0,4
860.0,:655375233_9,2
860.0,:cluster_2528018119_655375236_24,2
880.0,-35274074#2,11
880.0,-49073264#1,10
880.0,-593849724,6
880.0,-594658757#2,1
880.0,-E0,8
880.0,1068440004#1,1
880.0,1334904386#0,1
880.0,182334378#0,11
880.0,196961377#3,7
880.0,232003903#0,2
880.0,263217604#0,30
880.0,288878926#0,9
880.0,300077497#0,26
880.0,300077497#6,6
880.0,35274074#0,1
880.0,48794890,38
880.0,49073247#0,10
880.0,49073272#0,1
880.0,49695736#0,1
880.0,506322844#0,6
880.0,506322848#0,9
880.0,51362431,9
880.0,593847702#3,6
880.0,593847703#0,18
880.0,593849718#0,3
880.0,593852346,6
880.0,668037874,1
880.0,:3086736518_14,1
880.0,:622618144_4,1
880.0,:622618197_6,1
880.0,:655375233_0,4
880.0,:655375233_9,2
880.0,:cluster_2528018119_655375236_24,2
900.0,-35274074#2,12
900.0,-49073264#1,10
900.0,-593849724,6
900.0,-594658757#2,1
900.0,-E0,8
900.0,1068440004#1,1
900.0,1334904386#0,1
900.0,182334378#0,11
900.0,196961377#3,4
900.0,232003903#0,2
900.0,263217604#0,31
900.0,288878926#0,9
900.0,300077497#0,25
900.0,300077497#6,5
900.0,48794890,38
900.0,49073247#0,9
900.0,49073272#0,1
900.0,49695736#0,1
900.0,506322844#0,6
900.0,506322846#2,1
900.0,506322848#0,9
900.0,51362431,9
900.0,593847702#3,6
900.0,593847703#0,18
900.0,593849718#0,3
900.0,593852346,6
900.0,668037874,1
900.0,:3086736518_14,1
900.0,:622618144_4,1
900.0,:622618197_6,1
900.0,:655375233_0,4
900.0,:655375233_9,2
900.0,:655375238_0,1
900.0,:cluster_2528018119_655375236_24,2
920.0,-35274074#2,12
920.0,-49073264#1,10
920.0,-593849724,6
920.0,-594658757#2,1
920.0,-E0,8
920.0,1068440004#1,1
920.0,182334378#0,9
920.0,196961377#3,1
920.0,232003903#0,1
920.0,263217604#0,31
920.0,288878926#0,9
920.0,300077497#0,26
920.0,300077497#6,6
920.0,360843888,1
920.0,48794890,38
920.0,49073247#0,8
920.0,49073272#0,1
920.0,506322844#0,6
920.0,506322848#0,9
920.0,51289045#1,1
920.0,51289045#3,2
920.0,51362431,9
920.0,593847702#3,6
920.0,593847703#0,18
920.0,593849718#0,1
920.0,593852346,6
920.0,668037874,1
920.0,:3086736518_14,1
920.0,:619136999_0,1
920.0,:622618144_4,1
920.0,:655375233_0,4
920.0,:655375233_9,2
920.0,:cluster_2528018119_655375236_15,1
920.0,:cluster_2528018119_655375236_24,1
920.0,:cluster_5372642442_631668976_631668981_631669076_29,1
940.0,-35274074#2,12
940.0,-49073264#1,10
940.0,-593849724,6
940.0,-594658757#2,1
940.0,-E0,8
940.0,1068440004#1,1
940.0,182334378#0,9
940.0,196961377#0,1
940.0,196961377#3,8
940.0,232003903#0,1
940.0,263217604#0,31
940.0,288878926#0,9
940.0,300077497#0,27
940.0,300077497#6,6
940.0,48794890,37
940.0,49073247#0,6
940.0,49073272#0,1
940.0,506322844#0,6
940.0,506322848#0,9
940.0,51362431,9
940.0,593847702#3,6
940.0,593847703#0,18
940.0,593852346,6
940.0,594658762#0,1
940.0,668037874,1
940.0,:3086736518_14,1
940.0,:622618144_4,1
940.0,:655375233_0,4
940.0,:655375233_9,2
940.0,:cluster_2528018119_655375236_27,1
960.0,-35274074#2,12
960.0,-49073264#1,10
960.0,-593849724,6
960.0,-594658757#2,1
960.0,-E0,8
960.0,1068440004#1,1
960.0,182334378#0,9
960.0,196961377#3,11
960.0,232003903#0,1
960.0,263217604#0,31
960.0,288878926#0,9
960.0,300077497#0,27
960.0,300077497#6,6
960.0,48794890,37
960.0,49073247#0,9
960.0,506322844#0,6
960.0,506322848#0,9
960.0,51362431,9
960.0,593847702#3,5
960.0,593847703#0,18
960.0,593849721,1
960.0,593852346,6
960.0,668037874,1
960.0,:3086736518_14,1
960.0,:622618112_2,1
960.0,:622618144_4,1
960.0,:655375233_0,4
960.0,:655375233_9,2
960.0,:cluster_2528018119_655375236_27,1
980.0,-35274074#2,12
980.0,-49073264#1,10
980.0,-593847704#2,1
980.0,-593849724,6
980.0,-594658757#2,1
980.0,-E0,8
980.0,1068440004#1,1
980.0,182334378#0,7
980.0,196961377#3,7
980.0,263217604#0,31
980.0,288878926#0,9
980.0,300077497#0,27
980.0,300077497#6,6
980.0,48794890,37
980.0,49073247#0,9
980.0,49073272#0,1
980.0,506322844#0,6
980.0,506322848#0,9
980.0,51362431,9
980.0,593847702#3,6
980.0,593847703#0,18
980.0,593849718#0,3
980.0,593852346,6
980.0,668037874,1
980.0,:3086736518_14,1
980.0,:622618015_3,1
980.0,:622618144_4,1
980.0,:622618197_0,1
980.0,:655375233_0,4
980.0,:655375233_9,2
980.0,:655375336_10,2
980.0,:cluster_2528018119_655375236_27,1
980.0,:cluster_3208478133_655375293_655375296_9631728504_#1more_14,1
1000.0,-35274074#2,12
1000.0,-49073264#1,10
1000.0,-51362429#1,1
1000.0,-593849724,6
1000.0,-594658757#2,1
1000.0,-E0,8
1000.0,1068440004#1,1
1000.0,196961377#3,2
1000.0,232003903#0,1
1000.0,260881641,1
1000.0,263217604#0,31
1000.0,288878926#0,9
1000.0,300077497#0,27
1000.0,300077497#6,6
1000.0,48794890,38
1000.0,49073247#0,7
1000.0,49073272#0,1
1000.0,506322844#0,6
1000.0,506322848#0,9
1000.0,51289045#1,1
1000.0,51289045#3,2
1000.0,51362431,9
1000.0,593847702#3,6
1000.0,593847703#0,18
1000.0,593849718#0,3
1000.0,593852346,6
1000.0,668037874,1
1000.0,:3086736518_14,1
1000.0,:622618015_3,1
1000.0,:622618144_4,1
1000.0,:622618197_0,1
1000.0,:655375233_0,4
1000.0,:655375233_9,2
1000.0,:655375336_10,1
1000.0,:656132499_1,1
1000.0,:cluster_2528018119_655375236_27,1
1000.0,:cluster_3208478133_655375293_655375296_9631728504_#1more_14,2
1020.0,-35274074#2,12
1020.0,-49073264#1,10
1020.0,-593849724,6
1020.0,-594658757#2,1
1020.0,-E0,8
1020.0,1068440004#1,1
1020.0,196961377#3,7
1020.0,260881641,2
1020.0,263217604#0,31
1020.0,288878926#0,9
1020.0,300077497#0,27
1020.0,300077497#6,6
1020.0,48794890,38
1020.0,49073272#0,1
1020.0,506322844#0,6
1020.0,506322848#0,9
1020.0,51289045#3,1
1020.0,51362431,9
1020.0,593847702#3,6
1020.0,593847703#0,18
1020.0,593852346,6
1020.0,668037874,1
1020.0,:3086736518_14,1
1020.0,:619136999_5,1
1020.0,:622618015_3,1
1020.0,:622618144_4,1
1020.0,:655375233_0,4
1020.0,:655375233_9,2
1020.0,:cluster_2528018119_655375236_27,1
1020.0,:cluster_623980090_623980094_6,1
1040.0,-35274074#2,12
1040.0,-49073264#1,10
1040.0,-593849724,6
1040.0,-E0,8
1040.0,1068440004#1,1
1040.0,196961377#3,8
1040.0,263217604#0,31
1040.0,288878926#0,9
1040.0,300077497#0,27
1040.0,300077497#6,6
1040.0,303647015#0,1
1040.0,48794890,38
1040.0,49073272#0,1
1040.0,506322844#0,6
1040.0,506322848#0,9
1040.0,51362431,9
1040.0,593847702#3,6
1040.0,593847703#0,18
1040.0,593852346,6
1040.0,668037874,1
1040.0,:3086736518_14,1
1040.0,:622618015_3,1
1040.0,:622618144_4,1
1040.0,:655375233_0,4
1040.0,:655375233_9,2
1040.0,:cluster_2528018119_655375236_27,1
1060.0,-35274074#2,12
1060.0,-49073264#1,10
1060.0,-593849724,6
1060.0,-E0,8
1060.0,196961377#3,7
1060.0,263217604#0,31
1060.0,288878926#0,9
1060.0,300077497#0,27
1060.0,300077497#6,6
1060.0,48794890,38
1060.0,49073272#0,1
1060.0,506322844#0,6
1060.0,506322848#0,9
1060.0,51362431,9
1060.0,593847702#0,2
1060.0,593847702#3,6
1060.0,593847703#0,18
1060.0,593852346,6
1060.0,668037874,1
1060.0,:3086736518_14,1
1060.0,:622618015_3,1
1060.0,:622618144_4,1
1060.0,:622618197_0,1
1060.0,:655375233_0,4
1060.0,:655375233_9,1
1060.0,:cluster_2528018119_655375236_27,1
1080.0,-35274074#2,12
1080.0,-49073264#1,10
1080.0,-593849724,6
1080.0,-E0,8
1080.0,196961377#3,1
1080.0,263217604#0,31
1080.0,288878926#0,8
1080.0,300077497#0,27
1080.0,300077497#6,6
1080.0,48794890,38
1080.0,49073272#0,2
1080.0,49073272#3,2
1080.0,506322844#0,6
1080.0,506322848#0,9
1080.0,51362431,9
1080.0,593847702#3,6
1080.0,593847703#0,18
1080.0,593849718#0,4
1080.0,593852346,5
1080.0,668037874,1
1080.0,:3086736518_14,1
1080.0,:622618108_1,1
1080.0,:622618108_3,1
1080.0,:622618144_3,1
1080.0,:655375233_0,4
1080.0,:655375233_9,1
1080.0,:cluster_2528018119_655375236_27,1
1100.0,-35274074#2,12
1100.0,-49073264#1,10
1100.0,-593849724,6
1100.0,-E0,8
1100.0,263217604#0,31
1100.0,288878926#0,8
1100.0,300077497#0,27
1100.0,300077497#6,6
1100.0,48794890,38
1100.0,49073272#0,2
1100.0,49073272#4,2
1100.0,506322844#0,6
1100.0,506322848#0,9
1100.0,51362431,9
1100.0,593847702#3,6
1100.0,593847703#0,18
1100.0,593852346,6
1100.0,668037874,1
1100.0,:3086736518_14,1
1100.0,:622618108_1,1
1100.0,:622618108_3,1
1100.0,:622618144_4,1
1100.0,:655375233_0,4
1100.0,:655375233_9,1
1100.0,:cluster_2528018119_655375236_27,1
1100.0,:cluster_623980090_623980094_4,1
1120.0,-35274074#2,12
1120.0,-49073264#1,10
1120.0,-593849724,6
1120.0,-E0,8
1120.0,263217604#0,31
1120.0,288878926#0,8
1120.0,300077497#0,27
1120.0,300077497#6,6
1120.0,303647015#0,1
1120.0,48794890,38
1120.0,49073272#0,2
1120.0,49073272#4,2
1120.0,506322844#0,6
1120.0,506322848#0,9
1120.0,51362431,9
1120.0,593847702#3,5
1120.0,593847703#0,18
1120.0,593852346,6
1120.0,668037874,1
1120.0,:3086736518_14,1
1120.0,:622618108_1,1
1120.0,:622618108_3,1
1120.0,:622618144_4,1
1120.0,:655375233_0,4
1120.0,:655375233_9,1
1120.0,:cluster_2528018119_655375236_27,1
1140.0,-35274074#2,12
1140.0,-49073264#1,10
1140.0,-593849724,6
1140.0,-E0,8
1140.0,263217604#0,31
1140.0,288878926#0,8
1140.0,300077497#0,27
1140.0,300077497#6,6
1140.0,48794890,38
1140.0,49073272#0,1
1140.0,49073272#4,2
1140.0,506322844#0,6
1140.0,506322848#0,9
1140.0,51362431,9
1140.0,593847702#3,6
1140.0,593847703#0,18
1140.0,593849721,1
1140.0,593849724,1
1140.0,593852346,5
1140.0,668037874,1
1140.0,:3086736518_14,1
1140.0,:622618108_3,1
1140.0,:622618112_2,1
1140.0,:622618144_4,1
1140.0,:655375233_0,4
1140.0,:655375233_9,1
1140.0,:cluster_2528018119_655375236_27,1
1160.0,-35274074#2,12
1160.0,-49073264#1,10
1160.0,-593849724,6
1160.0,-E0,8
1160.0,263217604#0,31
1160.0,288878926#0,8
1160.0,300077497#0,27
1160.0,300077497#6,6
1160.0,353392316#0,2
1160.0,48794890,38
1160.0,506322844#0,5
1160.0,506322848#0,8
1160.0,51362431,9
1160.0,593847702#3,6
1160.0,593847703#0,18
1160.0,593849724,2
1160.0,593852345#0,1
1160.0,593852346,5
1160.0,668037874,1
1160.0,:3086736518_14,1
1160.0,:622618015_3,1
1160.0,:622618230_5,1
1160.0,:655375233_0,4
1160.0,:655375233_9,1
1160.0,:cluster_2528018119_655375236_27,1
1180.0,-35274074#2,12
1180.0,-49073264#1,7
1180.0,-593849724,6
1180.0,-E0,8
1180.0,263217604#0,30
1180.0,288878926#0,8
1180.0,300077497#0,27
1180.0,300077497#6,6
1180.0,353392316#0,2
1180.0,48794890,38
1180.0,506322844#0,6
1180.0,506322848#0,9
1180.0,51362431,9
1180.0,593847702#3,6
1180.0,593847703#0,18
1180.0,593849724,1
1180.0,593852345#0,3
1180.0,668037874,1
1180.0,:3086736518_14,1
1180.0,:622618108_3,1
1180.0,:622618144_3,1
1180.0,:655375233_0,4
1180.0,:655375233_9,1
1180.0,:cluster_2528018119_655375236_27,1
1180.0,:cluster_623980090_623980094_4,1
1200.0,-300077497#5,1
1200.0,-35274074#2,11
1200.0,-49073264#1,6
1200.0,-593849724,6
1200.0,-E0,8
1200.0,196961215#2,1
1200.0,263217604#0,31
1200.0,288878926#0,7
1200.0,300077497#0,27
1200.0,300077497#6,6
1200.0,303647015#0,1
1200.0,48794890,38
1200.0,49073272#0,1
1200.0,506322844#0,6
1200.0,506322848#0,9
1200.0,51362431,9
1200.0,593847702#3,6
1200.0,593847703#0,18
1200.0,593852345#0,6
1200.0,668037874,1
1200.0,:3086736518_14,1
1200.0,:622618015_0,1
1200.0,:622618108_3,1
1200.0,:655375233_0,4
1200.0,:655375233_9,1
1200.0,:cluster_2528018119_655375236_27,1
1200.0,:cluster_5372642442_631668976_631668981_631669076_24,1
1200.0,:cluster_5372642442_631668976_631668981_631669076_6,1
1200.0,:cluster_623980090_623980094_6,2
1220.0,-35274074#2,12
1220.0,-49073264#1,9
1220.0,-593849724,6
1220.0,-E0,8
1220.0,182334378#0,1
1220.0,196961215#2,2
1220.0,263217604#0,31
1220.0,288878926#0,7
1220.0,300077497#0,23
1220.0,300077497#6,6
1220.0,35274074#0,2
1220.0,48794890,38
1220.0,49073272#0,1
1220.0,506322844#0,6
1220.0,506322848#0,9
1220.0,51362431,9
1220.0,593847702#3,6
1220.0,593847703#0,18
1220.0,593852345#0,2
1220.0,593852346,2
1220.0,594658760#0,1
1220.0,668037874,1
1220.0,:3086736518_14,1
1220.0,:622618108_3,1
1220.0,:622618144_4,1
1220.0,:655375233_0,4
1220.0,:655375233_9,1
1220.0,:cluster_2528018119_655375236_27,1
1220.0,:cluster_623980090_623980094_6,1
1240.0,-35274074#2,12
1240.0,-49073264#1,10
1240.0,-593849724,6
1240.0,-E0,8
1240.0,182334378#0,1
1240.0,263217604#0,31
1240.0,288878926#0,7
1240.0,300077497#0,24
1240.0,300077497#6,6
1240.0,48794890,38
1240.0,49073272#0,1
1240.0,506322844#0,6
1240.0,506322848#0,9
1240.0,51362431,8
1240.0,593847702#3,6
1240.0,593847703#0,16
1240.0,593852346,6
1240.0,594658762#0,1
1240.0,668037874,1
1240.0,:1973482489_4,1
1240.0,:3086736518_14,1
1240.0,:622618108_3,1
1240.0,:622618144_4,1
1240.0,:655375233_0,4
1240.0,:655375233_9,1
1240.0,:cluster_2528018119_655375236_1,1
1240.0,:cluster_5372642442_631668976_631668981_631669076_21,1
1260.0,-35274074#2,12
1260.0,-49073264#1,10
1260.0,-593849724,6
1260.0,-E0,8
1260.0,182334378#0,1
1260.0,263217604#0,31
1260.0,288878926#0,7
1260.0,300077497#0,27
1260.0,300077497#6,6
1260.0,48794890,37
1260.0,49073272#0,1
1260.0,506322844#0,6
1260.0,506322848#0,9
1260.0,51362431,9
1260.0,593847702#3,6
1260.0,593847703#0,16
1260.0,593847705,1
1260.0,593852346,6
1260.0,668037874,1
1260.0,:3086736518_14,1
1260.0,:622618108_3,1
1260.0,:622618144_4,1
1260.0,:655375233_0,3
1260.0,:655375233_9,1
1280.0,-35274074#2,12
1280.0,-49073264#1,10
1280.0,-593849724,6
1280.0,-E0,8
1280.0,182334378#0,1
1280.0,263217604#0,31
1280.0,288878926#0,7
1280.0,300077497#0,27
1280.0,300077497#6,6
1280.0,48794890,37
1280.0,49073272#0,2
1280.0,506322844#0,6
1280.0,506322848#0,9
1280.0,51362431,9
1280.0,593847702#3,6
1280.0,593847703#0,18
1280.0,593852346,6
1280.0,668037874,1
1280.0,:622618108_3,1
1280.0,:622618144_4,1
1280.0,:655375233_0,4
1280.0,:655375233_9,1
1300.0,-35274074#2,12
1300.0,-49073264#1,10
1300.0,-593849724,6
1300.0,-594658757#2,1
1300.0,-E0,8
1300.0,263217604#0,31
1300.0,288878926#0,7
1300.0,300077497#0,27
1300.0,300077497#6,6
1300.0,48794890,38
1300.0,49073272#0,1
1300.0,506322844#0,6
1300.0,506322848#0,9
1300.0,51362431,9
1300.0,593847702#3,4
1300.0,593847703#0,18
1300.0,593852346,6
1300.0,668037874,1
1300.0,:619137000_1,1
1300.0,:622618108_3,1
1300.0,:622618144_4,1
1300.0,:622618197_5,1
1300.0,:655375233_0,4
1300.0,:655375233_9,1
1320.0,-35274074#2,12
1320.0,-49073264#1,10
1320.0,-593849724,5
1320.0,-594658757#2,1
1320.0,-E0,8
1320.0,263217604#0,31
1320.0,288878926#0,7
1320.0,300077497#0,27
1320.0,300077497#6,6
1320.0,48794890,38
1320.0,49073272#4,1
1320.0,506322844#0,6
1320.0,506322848#0,9
1320.0,51362431,9
1320.0,593847702#3,3
1320.0,593847703#0,18
1320.0,593852346,6
1320.0,668037874,1
1320.0,:622618108_3,1
1320.0,:622618112_2,1
1320.0,:622618144_4,1
1320.0,:655375233_0,4
1320.0,:655375233_9,1
1340.0,-35274074#2,12
1340.0,-49073264#1,9
1340.0,-593849724,6
1340.0,-594658757#2,1
1340.0,-E0,8
1340.0,263217604#0,31
1340.0,288878926#0,5
1340.0,300077497#0,27
1340.0,300077497#6,6
1340.0,48794890,38
1340.0,49073272#0,1
1340.0,49073272#4,1
1340.0,506322844#0,6
1340.0,506322848#0,9
1340.0,51362431,9
1340.0,593847702#3,4
1340.0,593847703#0,18
1340.0,593849724,2
1340.0,593852346,5
1340.0,668037874,1
1340.0,:622618015_6,1
1340.0,:622618230_1,2
1340.0,:655375233_0,4
1340.0,:655375233_9,1
1360.0,-35274074#2,12
1360.0,-49073264#1,10
1360.0,-593849724,6
1360.0,-594658757#2,1
1360.0,-E0,7
1360.0,263217604#0,31
1360.0,288878926#0,5
1360.0,300077497#0,27
1360.0,300077497#6,6
1360.0,353392316#0,1
1360.0,48794890,38
1360.0,49073272#0,1
1360.0,49073274,1
1360.0,506322844#0,6
1360.0,506322848#0,9
1360.0,51362431,9
1360.0,593847702#3,4
1360.0,593847703#0,18
1360.0,593852346,5
1360.0,668037874,1
1360.0,:3086736518_14,1
1360.0,:622618144_3,1
1360.0,:622618230_1,2
1360.0,:655375233_0,4
1360.0,:655375233_9,1
1380.0,-35274074#2,12
1380.0,-49073264#1,10
1380.0,-593849724,6
1380.0,-594658757#2,1
1380.0,-E0,7
1380.0,263217604#0,31
1380.0,288878926#0,5
1380.0,300077497#0,27
1380.0,300077497#6,6
1380.0,48794890,38
1380.0,506322844#0,6
1380.0,506322848#0,9
1380.0,51362431,9
1380.0,593847702#3,4
1380.0,593847703#0,18
1380.0,593852346,6
1380.0,668037874,1
1380.0,:3086736518_14,1
1380.0,:622618108_1,1
1380.0,:622618112_2,1
1380.0,:622618144_4,1
1380.0,:622618230_1,1
1380.0,:655375233_0,4
1380.0,:655375233_9,1
1380.0,:cluster_5372642442_631668976_631668981_631669076_6,1
1380.0,:cluster_623980090_623980094_4,1
1400.0,-35274074#2,12
1400.0,-49073264#1,10
1400.0,-593849724,5
1400.0,-594658757#2,1
1400.0,-E0,7
1400.0,263217604#0,31
1400.0,288878926#0,4
1400.0,300077497#0,27
1400.0,300077497#6,6
1400.0,48794890,38
1400.0,49073272#0,1
1400.0,506322844#0,6
1400.0,506322848#0,9
1400.0,51362431,9
1400.0,593847702#3,6
1400.0,593847703#0,18
1400.0,593849724,2
1400.0,593852346,6
1400.0,668037874,1
1400.0,:3086736518_14,1
1400.0,:622618108_3,1
1400.0,:622618108_5,1
1400.0,:622618144_4,1
1400.0,:655375233_0,4
1400.0,:655375233_9,1
1420.0,-35274074#2,12
1420.0,-49073264#1,10
1420.0,-593849724,5
1420.0,-594658757#2,1
1420.0,-E0,7
1420.0,263217604#0,31
1420.0,288878926#0,4
1420.0,300077497#0,27
1420.0,300077497#6,6
1420.0,48794890,38
1420.0,49073272#0,1
1420.0,506322844#0,6
1420.0,506322848#0,9
1420.0,51362431,9
1420.0,593847702#3,6
1420.0,593847703#0,18
1420.0,593849724,2
1420.0,593852346,6
1420.0,668037874,1
1420.0,:3086736518_14,1
1420.0,:622618108_3,1
1420.0,:622618108_5,1
1420.0,:622618144_4,1
1420.0,:655375233_0,4
1420.0,:655375233_9,1
1440.0,-35274074#2,12
1440.0,-49073264#1,10
1440.0,-593849724,5
1440.0,-594658757#2,1
1440.0,-E0,7
1440.0,263217604#0,31
1440.0,288878926#0,4
1440.0,300077497#0,27
1440.0,300077497#6,6
1440.0,48794890,38
1440.0,49073272#0,1
1440.0,506322844#0,6
1440.0,506322848#0,9
1440.0,51362431,9
1440.0,593847702#3,6
1440.0,593847703#0,18
1440.0,593849724,2
1440.0,593852346,6
1440.0,668037874,1
1440.0,:3086736518_14,1
1440.0,:622618108_3,1
1440.0,:622618108_5,1
1440.0,:622618144_4,1
1440.0,:655375233_0,4
1440.0,:655375233_9,1
1460.0,-35274074#2,12
1460.0,-49073264#1,10
1460.0,-593849724,5
1460.0,-594658757#2,1
1460.0,-E0,7
1460.0,263217604#0,31
1460.0,288878926#0,4
1460.0,300077497#0,27
1460.0,300077497#6,6
1460.0,48794890,38
1460.0,49073272#0,1
1460.0,506322844#0,5
1460.0,506322848#0,9
1460.0,51362431,9
1460.0,593847702#3,6
1460.0,593847703#0,18
1460.0,593849724,2
1460.0,593852346,6
1460.0,668037874,1
1460.0,:3086736518_14,1
1460.0,:622618108_3,1
1460.0,:622618108_5,1
1460.0,:622618144_4,1
1460.0,:655375233_0,4
1460.0,:655375233_9,1
1480.0,-35274074#2,12
1480.0,-49073264#1,10
1480.0,-593849724,5
1480.0,-594658757#2,1
1480.0,-E0,7
1480.0,263217604#0,31
1480.0,288878926#0,4
1480.0,300077497#0,27
1480.0,300077497#6,6
1480.0,48794890,38
1480.0,49073272#0,1
1480.0,506322844#0,6
1480.0,506322848#0,9
1480.0,51362431,9
1480.0,593847702#3,6
1480.0,593847703#0,18
1480.0,593849724,2
1480.0,593852346,6
1480.0,668037874,1
1480.0,:3086736518_14,1
1480.0,:622618108_3,1
1480.0,:622618108_5,1
1480.0,:622618144_4,1
1480.0,:655375233_0,4
1480.0,:655375233_9,1
1500.0,-35274074#2,11
1500.0,-49073264#1,10
1500.0,-593849724,5
1500.0,-594658757#2,1
1500.0,-E0,7
1500.0,263217604#0,31
1500.0,288878926#0,4
1500.0,300077497#0,27
1500.0,300077497#6,6
1500.0,48794890,38
1500.0,49073272#0,1
1500.0,506322844#0,6
1500.0,506322848#0,9
1500.0,51362431,9
1500.0,593847702#3,6
1500.0,593847703#0,18
1500.0,593849724,2
1500.0,593852346,6
1500.0,668037874,1
1500.0,:3086736518_14,1
1500.0,:622618108_3,1
1500.0,:622618108_5,1
1500.0,:622618144_4,1
1500.0,:655375233_0,4
1500.0,:655375233_9,1
1520.0,-35274074#2,12
1520.0,-49073264#1,10
1520.0,-593849724,5
1520.0,-594658757#2,1
1520.0,-E0,7
1520.0,263217604#0,31
1520.0,288878926#0,4
1520.0,300077497#0,26
1520.0,300077497#6,4
1520.0,48794890,38
1520.0,49073272#0,1
1520.0,506322844#0,6
1520.0,506322848#0,9
1520.0,51362431,9
1520.0,593847702#3,6
1520.0,593847703#0,18
1520.0,593849724,2
1520.0,593852346,6
1520.0,594658757#0,1
1520.0,668037874,1
1520.0,:3086736518_14,1
1520.0,:622618108_3,1
1520.0,:622618108_5,1
1520.0,:622618144_4,1
1520.0,:655375233_0,4
1520.0,:655375233_9,1
1540.0,-35274074#2,12
1540.0,-49073264#1,10
1540.0,-593849724,5
1540.0,-594658757#2,1
1540.0,-E0,7
1540.0,263217604#0,31
1540.0,288878926#0,4
1540.0,300077497#0,19
1540.0,300077497#6,5
1540.0,35274074#0,4
1540.0,48794890,38
1540.0,49073272#0,1
1540.0,506322844#0,6
1540.0,506322846#0,1
1540.0,506322848#0,9
1540.0,51362431,8
1540.0,593847702#3,6
1540.0,593847703#0,18
1540.0,593849724,2
1540.0,593852346,6
1540.0,594658762#0,1
1540.0,668037874,1
1540.0,:3086736518_14,1
1540.0,:622618108_3,1
1540.0,:622618108_5,1
1540.0,:622618144_4,1
1540.0,:655375233_0,4
1540.0,:655375233_9,1
1540.0,:cluster_2038168688_655375573_19,1
1560.0,-35274074#2,12
1560.0,-49073264#1,10
1560.0,-593849724,5
1560.0,-594658757#2,1
1560.0,-E0,7
1560.0,196961377#0,1
1560.0,263217604#0,31
1560.0,288878926#0,4
1560.0,300077497#0,11
1560.0,300077497#6,5
1560.0,35274074#0,4
1560.0,48794890,37
1560.0,49073272#0,1
1560.0,506322844#0,6
1560.0,506322846#0,4
1560.0,506322848#0,9
1560.0,51362431,9
1560.0,593847702#3,6
1560.0,593847703#0,17
1560.0,593849724,2
1560.0,593852346,6
1560.0,668037874,1
1560.0,:3086736518_14,1
1560.0,:622618108_3,1
1560.0,:622618108_5,1
1560.0,:622618144_4,1
1560.0,:655375233_0,4
1560.0,:655375233_9,1
1560.0,:655375238_1,1
1560.0,:cluster_2038168688_655375573_19,1
1580.0,-35274074#2,12
1580.0,-49073264#1,10
1580.0,-593849724,5
1580.0,-594658757#2,1
1580.0,-E0,7
1580.0,263217604#0,30
1580.0,288878926#0,4
1580.0,300077497#0,12
1580.0,300077497#6,5
1580.0,35274074#0,1
1580.0,48794890,37
1580.0,49073272#0,1
1580.0,506322844#0,6
1580.0,506322846#0,3
1580.0,506322848#0,9
1580.0,51362431,9
1580.0,593847702#0,1
1580.0,593847702#3,6
1580.0,593847703#0,11
1580.0,593849724,2
1580.0,593852346,6
1580.0,594658760#0,1
1580.0,668037874,1
1580.0,:3086736518_14,1
1580.0,:622618108_3,1
1580.0,:622618108_5,1
1580.0,:622618144_4,1
1580.0,:655375233_0,3
1580.0,:cluster_2038168688_655375573_19,1
1580.0,:cluster_2038168688_655375573_2,1
1580.0,:cluster_2528018119_655375236_1,2
1600.0,-35274074#2,12
1600.0,-49073264#1,10
1600.0,-593849724,5
1600.0,-594658757#2,1
1600.0,-E0,7
1600.0,263217604#0,30
1600.0,288135626#0,1
1600.0,288878926#0,4
1600.0,300077497#0,22
1600.0,300077497#6,5
1600.0,48794890,38
1600.0,49073272#0,2
1600.0,506322844#0,5
1600.0,506322846#2,1
1600.0,506322848#0,9
1600.0,51362431,9
1600.0,593847702#3,6
1600.0,593847703#0,4
1600.0,593849724,2
1600.0,593852346,6
1600.0,668037874,1
1600.0,:619137000_1,1
1600.0,:622618108_3,1
1600.0,:622618108_5,1
1600.0,:622618144_4,1
1600.0,:655375239_3,1
1600.0,:cluster_2528018119_655375236_1,2
1600.0,:cluster_5372642442_631668976_631668981_631669076_21,1
1600.0,:cluster_5372642442_631668976_631668981_631669076_29,1
1620.0,-35274074#2,12
1620.0,-49073264#1,10
1620.0,-593849724,5
1620.0,-E0,5
1620.0,263217604#0,32
1620.0,288878926#0,4
1620.0,300077497#0,27
1620.0,300077497#6,5
1620.0,48794890,38
1620.0,49073272#0,1
1620.0,49073272#4,2
1620.0,506322844#0,6
1620.0,506322848#0,9
1620.0,51362431,9
1620.0,593847702#3,5
1620.0,593847703#0,1
1620.0,593847704#0,1
1620.0,593849724,2
1620.0,593852346,6
1620.0,668037874,1
1620.0,:3086736518_14,1
1620.0,:622618015_3,1
1620.0,:622618108_3,1
1620.0,:622618108_5,1
1620.0,:622618144_4,1
1620.0,:cluster_5372642442_631668976_631668981_631669076_21,1
1640.0,-35274074#2,12
1640.0,-49073264#1,9
1640.0,-593849724,6
1640.0,263217604#0,32
1640.0,288878926#0,4
1640.0,300077497#0,27
1640.0,300077497#6,5
1640.0,353392316#0,1
1640.0,48794890,38
1640.0,49073272#0,1
1640.0,49073272#1,2
1640.0,49073272#4,1
1640.0,506322844#0,6
1640.0,506322848#0,9
1640.0,51362431,9
1640.0,593847702#3,6
1640.0,593847703#0,1
1640.0,593847704#0,4
1640.0,593849724,2
1640.0,593852345#0,1
1640.0,593852346,6
1640.0,668037874,1
1640.0,:622618015_3,1
1640.0,:622618108_3,1
1640.0,:622618112_0,1
1640.0,:622618144_4,1
1660.0,-35274074#2,12
1660.0,-49073264#1,10
1660.0,-593849724,6
1660.0,263217604#0,32
1660.0,288878926#0,4
1660.0,300077497#0,27
1660.0,300077497#6,5
1660.0,353392316#0,1
1660.0,48794890,38
1660.0,49073272#0,1
1660.0,49073272#1,3
1660.0,49073272#4,2
1660.0,506322844#0,6
1660.0,506322848#0,9
1660.0,51362431,9
1660.0,593847702#3,6
1660.0,593847703#0,1
1660.0,593849724,2
1660.0,593852346,6
1660.0,668037874,1
1660.0,:3208478121_1,1
1660.0,:619137000_1,2
1660.0,:622618015_3,1
1660.0,:622618108_3,1
1660.0,:622618144_4,1
1680.0,-35274074#2,12
1680.0,-49073264#1,10
1680.0,-593849724,6
1680.0,263217604#0,32
1680.0,288878926#0,4
1680.0,300077497#0,27
1680.0,300077497#6,5
1680.0,353392316#0,1
1680.0,48794890,38
1680.0,49073272#0,1
1680.0,49073272#4,8
1680.0,506322844#0,6
1680.0,506322848#0,9
1680.0,51362431,9
1680.0,593847702#3,6
1680.0,593847703#0,1
1680.0,593849724,2
1680.0,593852346,6
1680.0,668037874,1
1680.0,:622618015_3,1
1680.0,:622618108_3,1
1680.0,:622618144_4,1
1700.0,-35274074#2,12
1700.0,-49073264#1,10
1700.0,-593849724,6
1700.0,263217604#0,32
1700.0,288135626#0,1
1700.0,288878926#0,3
1700.0,300077497#0,27
1700.0,300077497#6,5
1700.0,353392316#0,3
1700.0,48794890,38
1700.0,49073272#0,2
1700.0,49073272#4,4
1700.0,506322844#0,6
1700.0,506322848#0,9
1700.0,51362431,9
1700.0,593847702#3,6
1700.0,593847703#0,1
1700.0,593849715,1
1700.0,593852345#0,1
1700.0,593852346,6
1700.0,668037874,1
1700.0,:622618108_3,1
1700.0,:622618144_3,1
1700.0,:cluster_619136929_619136942_8,1
1720.0,-35274074#2,12
1720.0,-49073264#1,6
1720.0,-593849724,6
1720.0,196961379#0,1
1720.0,263217604#0,32
1720.0,288878926#0,3
1720.0,300077497#0,27
1720.0,300077497#6,5
1720.0,353392316#0,8
1720.0,48794890,38
1720.0,49073272#0,2
1720.0,506322844#0,6
1720.0,506322848#0,9
1720.0,51362431,9
1720.0,593847702#3,6
1720.0,593847703#0,1
1720.0,593849724,1
1720.0,593852345#0,5
1720.0,593852346,6
1720.0,668037874,1
1720.0,:622618108_1,1
1720.0,:622618144_3,1
1720.0,:cluster_623980090_623980094_6,1
1740.0,-35274074#2,12
1740.0,-49073264#1,2
1740.0,-593849724,6
1740.0,196961215#2,2
1740.0,263217604#0,32
1740.0,288135626#0,3
1740.0,288878926#0,3
1740.0,300077497#0,27
1740.0,300077497#6,5
1740.0,353392316#0,3
1740.0,48794890,38
1740.0,49073272#0,2
1740.0,506322844#0,6
1740.0,506322848#0,9
1740.0,51362431,9
1740.0,593847702#3,6
1740.0,593847703#0,1
1740.0,593849724,1
1740.0,593852345#0,4
1740.0,593852346,6
1740.0,668037874,1
1740.0,:622618015_0,1
1740.0,:622618108_1,1
1740.0,:cluster_5372642442_631668976_631668981_631669076_24,1
1740.0,:cluster_623980090_623980094_6,1
1760.0,-35274074#2,12
1760.0,-593849724,6
1760.0,263217604#0,32
1760.0,288878926#0,3
1760.0,300077497#0,27
1760.0,300077497#6,5
1760.0,303647015#0,1
1760.0,48794890,38
1760.0,49073272#0,2
1760.0,506322844#0,6
1760.0,506322848#0,9
1760.0,51362431,9
1760.0,593847702#3,6
1760.0,593847703#0,1
1760.0,593849724,1
1760.0,593852345#0,4
1760.0,593852346,6
1760.0,668037874,1
1760.0,:622618108_1,1
1760.0,:622618144_4,1
1760.0,:cluster_623980090_623980094_6,1
1780.0,-35274074#2,12
1780.0,-593849724,6
1780.0,263217604#0,32
1780.0,288878926#0,3
1780.0,300077497#0,27
1780.0,300077497#6,5
1780.0,48794890,38
1780.0,49073272#0,2
1780.0,506322844#0,6
1780.0,506322848#0,9
1780.0,51362431,9
1780.0,593847702#3,6
1780.0,593847703#0,1
1780.0,593849724,1
1780.0,593852346,6
1780.0,668037874,1
1780.0,:622618108_1,1
1780.0,:622618144_4,1
1800.0,-300077497#5,1
1800.0,-35274074#2,10
1800.0,-593849724,6
1800.0,263217604#0,32
1800.0,288878926#0,3
1800.0,300077497#0,27
1800.0,300077497#6,5
1800.0,48794890,38
1800.0,49073272#0,2
1800.0,506322844#0,6
1800.0,506322848#0,9
1800.0,51362431,9
1800.0,593847702#3,6
1800.0,593847703#0,1
1800.0,593849724,1
1800.0,593852346,6
1800.0,668037874,1
1800.0,:622618108_1,1
1800.0,:622618144_4,1
1820.0,-35274074#2,11
1820.0,-593849724,6
1820.0,263217604#0,32
1820.0,288878926#0,3
1820.0,300077497#0,27
1820.0,300077497#6,5
1820.0,48794890,38
1820.0,49073272#0,2
1820.0,506322844#0,6
1820.0,506322848#0,9
1820.0,51362431,9
1820.0,593847702#3,3
1820.0,593847703#0,1
1820.0,593849721,1
1820.0,593849724,1
1820.0,593852346,6
1820.0,668037874,1
1820.0,:622618108_1,1
1820.0,:622618144_4,1
1820.0,:cluster_2528018119_655375236_14,1
1840.0,-35274074#2,11
1840.0,-593849724,6
1840.0,182334378#0,1
1840.0,263217604#0,32
1840.0,288878926#0,3
1840.0,300077497#0,22
1840.0,300077497#6,6
1840.0,303647015#0,1
1840.0,35274074#0,2
1840.0,48794890,38
1840.0,506322844#0,6
1840.0,506322848#0,9
1840.0,51362431,8
1840.0,593847702#3,6
1840.0,593847703#0,1
1840.0,593849724,3
1840.0,593852346,3
1840.0,594658762#0,1
1840.0,668037874,1
1840.0,:622618108_3,1
1840.0,:655375238_7,1
1860.0,-35274074#2,11
1860.0,-593849724,4
1860.0,-594658757#2,1
1860.0,196961377#0,1
1860.0,263217604#0,32
1860.0,288878926#0,1
1860.0,300077497#0,14
1860.0,300077497#6,6
1860.0,35274074#0,5
1860.0,48794890,37
1860.0,49073272#0,1
1860.0,506322844#0,6
1860.0,506322846#0,3
1860.0,506322846#2,1
1860.0,506322848#0,9
1860.0,51362431,9
1860.0,593847702#3,6
1860.0,593847703#0,1
1860.0,593852345#0,1
1860.0,593852346,3
1860.0,668037874,1
1860.0,:622618108_5,1
1860.0,:622618230_1,2
1860.0,:655375238_1,1
1880.0,-35274074#2,11
1880.0,-593849724,5
1880.0,-594658757#2,1
1880.0,263217604#0,31
1880.0,288878926#0,1
1880.0,300077497#0,9
1880.0,300077497#6,6
1880.0,35274074#0,8
1880.0,48794890,37
1880.0,49073272#0,1
1880.0,506322844#0,6
1880.0,506322846#0,1
1880.0,506322846#2,1
1880.0,506322848#0,9
1880.0,51362431,9
1880.0,593847702#3,6
1880.0,593847703#0,1
1880.0,593852346,3
1880.0,594658757#0,1
1880.0,668037874,1
1880.0,:622618108_5,1
1880.0,:622618230_1,2
1880.0,:cluster_2038168688_655375573_19,1
1880.0,:cluster_2038168688_655375573_2,1
1900.0,-35274074#2,11
1900.0,-593849724,5
1900.0,-594658757#2,1
1900.0,263217604#0,31
1900.0,288878926#0,1
1900.0,300077497#0,4
1900.0,300077497#6,6
1900.0,35274074#0,5
1900.0,48794890,37
1900.0,49073272#0,1
1900.0,506322844#0,6
1900.0,506322846#0,5
1900.0,506322848#0,9
1900.0,51362431,9
1900.0,593847702#3,2
1900.0,593852345#0,1
1900.0,593852346,3
1900.0,668037874,1
1900.0,:622618108_5,1
1900.0,:622618197_5,1
1900.0,:622618230_1,2
1900.0,:655375238_7,1
1900.0,:cluster_2038168688_655375573_19,1
1900.0,:cluster_2038168688_655375573_2,1
1920.0,-35274074#2,11
1920.0,-593849724,6
1920.0,-594658757#2,1
1920.0,196961379#0,1
1920.0,263217604#0,31
1920.0,288878926#0,1
1920.0,300077497#6,6
1920.0,35274074#0,3
1920.0,48794890,38
1920.0,506322844#0,6
1920.0,506322846#0,4
1920.0,506322848#0,8
1920.0,51362431,9
1920.0,593847702#3,3
1920.0,593849724,1
1920.0,593852346,2
1920.0,668037874,1
1920.0,:622618108_1,1
1920.0,:cluster_2038168688_655375573_19,1
1920.0,:cluster_2038168688_655375573_2,1
1940.0,-35274074#2,11
1940.0,-593847704#2,1
1940.0,-593849724,6
1940.0,-594658757#2,1
1940.0,263217604#0,31
1940.0,300077497#6,6
1940.0,48794890,38
1940.0,49073272#0,1
1940.0,506322844#0,6
1940.0,506322846#0,1
1940.0,506322848#0,9
1940.0,51362431,9
1940.0,593847702#3,4
1940.0,593852345#0,1
1940.0,593852346,1
1940.0,668037874,1
1940.0,:622618230_1,1
1960.0,-35274074#2,11
1960.0,-593847704#2,1
1960.0,-593849724,4
1960.0,-594658757#2,1
1960.0,263217604#0,31
1960.0,300077497#6,6
1960.0,303647015#0,1
1960.0,48794890,38
1960.0,49073272#0,1
1960.0,506322844#0,6
1960.0,506322848#0,9
1960.0,51362431,9
1960.0,593847702#3,6
1960.0,668037874,1
1960.0,:622618108_5,1
1980.0,-35274074#2,11
1980.0,-593847704#2,1
1980.0,-593849724,5
1980.0,-594658757#2,1
1980.0,263217604#0,31
1980.0,300077497#6,6
1980.0,48794890,38
1980.0,506322844#0,6
1980.0,506322848#0,9
1980.0,51362431,9
1980.0,593847702#3,4
1980.0,668037874,1
1980.0,:622618015_3,1
1980.0,:622618108_5,1
2000.0,-35274074#2,11
2000.0,-593847704#2,1
2000.0,-593849724,4
2000.0,-594658757#2,1
2000.0,196961379#0,1
2000.0,263217604#0,31
2000.0,300077497#6,6
2000.0,48794890,38
2000.0,49073272#0,1
2000.0,506322844#0,6
2000.0,506322848#0,9
2000.0,51362431,9
2000.0,593847702#3,2
2000.0,593852345#0,1
2000.0,668037874,1
2020.0,-35274074#2,11
2020.0,-593849724,4
2020.0,-594658757#2,1
2020.0,263217604#0,31
2020.0,300077497#6,6
2020.0,48794890,38
2020.0,506322844#0,6
2020.0,506322848#0,9
2020.0,51362431,9
2020.0,593847702#3,2
2020.0,668037874,1
2020.0,:622618112_2,1
2020.0,:cluster_3431431575_4777363357_655375231_6982059025_5,1
2040.0,-35274074#2,11
2040.0,-593849724,4
2040.0,-594658757#2,1
2040.0,263217604#0,31
2040.0,300077497#6,6
2040.0,48794890,38
2040.0,506322844#0,6
2040.0,506322848#0,9
2040.0,51362431,9
2040.0,593847702#3,6
2040.0,668037874,1
2040.0,:622618108_5,1
2060.0,-35274074#2,11
2060.0,-593849724,4
2060.0,-594658757#2,1
2060.0,263217604#0,31
2060.0,300077497#6,6
2060.0,48794890,38
2060.0,49073272#0,1
2060.0,506322844#0,6
2060.0,506322848#0,9
2060.0,51362431,9
2060.0,593847702#3,6
2060.0,668037874,1
2080.0,-35274074#2,11
2080.0,-593849724,2
2080.0,-594658757#2,1
2080.0,263217604#0,31
2080.0,300077497#6,6
2080.0,48794890,38
2080.0,49073272#0,1
2080.0,506322844#0,6
2080.0,506322848#0,9
2080.0,51362431,9
2080.0,593847702#3,2
2080.0,668037874,1
2080.0,:622618108_5,1
2080.0,:622618197_5,1
2100.0,-35274074#2,11
2100.0,-594658757#2,1
2100.0,263217604#0,31
2100.0,300077497#6,6
2100.0,48794890,38
2100.0,506322844#0,6
2100.0,506322848#0,9
2100.0,51362431,9
2100.0,593847702#3,2
2100.0,668037874,1
2100.0,:622618108_5,1
2100.0,:622618112_2,1
2120.0,-35274074#2,10
2120.0,-594658757#2,1
2120.0,263217604#0,31
2120.0,300077497#6,6
2120.0,48794890,38
2120.0,506322844#0,6
2120.0,506322848#0,9
2120.0,51362431,9
2120.0,593847702#3,4
2120.0,668037874,1
2140.0,-35274074#2,10
2140.0,-594658757#2,1
2140.0,263217604#0,31
2140.0,300077497#6,5
2140.0,48794890,38
2140.0,506322844#0,6
2140.0,506322848#0,9
2140.0,51362431,9
2140.0,593847702#3,4
2140.0,668037874,1
2160.0,-35274074#2,10
2160.0,-594658757#2,1
2160.0,196961377#0,1
2160.0,263217604#0,31
2160.0,300077497#6,5
2160.0,303647015#0,1
2160.0,48794890,37
2160.0,506322844#0,6
2160.0,506322848#0,9
2160.0,51362431,9
2160.0,594658762#0,1
2160.0,668037874,1
2160.0,:622618197_5,1
2180.0,-35274074#2,10
2180.0,263217604#0,30
2180.0,300077497#6,5
2180.0,303647015#0,2
2180.0,48794890,37
2180.0,506322844#0,6
2180.0,506322848#0,9
2180.0,51362431,9
2180.0,668037874,1
2200.0,-35274074#2,10
2200.0,263217604#0,30
2200.0,300077497#6,5
2200.0,48794890,37
2200.0,506322844#0,6
2200.0,506322848#0,9
2200.0,51362431,9
2200.0,668037874,1
2220.0,-35274074#2,9
2220.0,263217604#0,31
2220.0,300077497#6,5
2220.0,48794890,38
2220.0,506322844#0,5
2220.0,506322848#0,8
2220.0,51362431,9
2220.0,668037874,1
2240.0,-35274074#2,9
2240.0,263217604#0,31
2240.0,300077497#6,5
2240.0,48794890,38
2240.0,506322844#0,6
2240.0,506322848#0,9
2240.0,51362431,9
2240.0,668037874,1
2260.0,-35274074#2,9
2260.0,263217604#0,31
2260.0,300077497#6,5
2260.0,303647015#0,1
2260.0,48794890,38
2260.0,506322844#0,6
2260.0,506322848#0,9
2260.0,51362431,9
2260.0,668037874,1
2280.0,-35274074#2,9
2280.0,263217604#0,31
2280.0,300077497#6,5
2280.0,48794890,38
2280.0,506322844#0,6
2280.0,506322848#0,9
2280.0,51362431,9
2280.0,668037874,1
2300.0,-35274074#2,9
2300.0,263217604#0,31
2300.0,300077497#6,5
2300.0,48794890,38
2300.0,506322844#0,6
2300.0,506322848#0,9
2300.0,51362431,9
2300.0,668037874,1
2320.0,-35274074#2,9
2320.0,263217604#0,31
2320.0,300077497#6,5
2320.0,48794890,38
2320.0,506322844#0,6
2320.0,506322848#0,9
2320.0,51362431,9
2320.0,668037874,1
2340.0,-35274074#2,9
2340.0,263217604#0,31
2340.0,300077497#6,5
2340.0,48794890,38
2340.0,506322844#0,6
2340.0,506322848#0,9
2340.0,51362431,9
2340.0,668037874,1
2360.0,-35274074#2,9
2360.0,263217604#0,31
2360.0,300077497#6,5
2360.0,48794890,38
2360.0,506322844#0,6
2360.0,506322848#0,9
2360.0,51362431,9
2360.0,668037874,1
2380.0,-35274074#2,9
2380.0,263217604#0,31
2380.0,300077497#6,5
2380.0,303647015#0,1
2380.0,48794890,38
2380.0,506322844#0,6
2380.0,506322848#0,9
2380.0,51362431,9
2380.0,668037874,1
2400.0,-35274074#2,9
2400.0,263217604#0,31
2400.0,300077497#6,5
2400.0,48794890,38
2400.0,506322844#0,6
2400.0,506322848#0,9
2400.0,51362431,9
2400.0,668037874,1
2420.0,-35274074#2,9
2420.0,263217604#0,31
2420.0,300077497#6,5
2420.0,48794890,38
2420.0,506322844#0,6
2420.0,506322848#0,9
2420.0,51362431,9
2420.0,668037874,1
2440.0,-35274074#2,9
2440.0,263217604#0,31
2440.0,300077497#6,5
2440.0,48794890,38
2440.0,506322844#0,6
2440.0,506322848#0,9
2440.0,51362431,9
2440.0,668037874,1
2460.0,-35274074#2,9
2460.0,263217604#0,31
2460.0,300077497#6,5
2460.0,303647015#0,1
2460.0,48794890,38
2460.0,506322844#0,6
2460.0,506322848#0,9
2460.0,51362431,9
2460.0,594658762#0,1
2460.0,668037874,1
2480.0,-35274074#2,9
2480.0,196961377#0,1
2480.0,263217604#0,30
2480.0,300077497#6,5
2480.0,360843888,1
2480.0,48794890,37
2480.0,506322844#0,6
2480.0,506322848#0,9
2480.0,51362431,9
2480.0,668037874,1
2500.0,-35274074#2,9
2500.0,263217604#0,28
2500.0,300077497#6,5
2500.0,48794890,37
2500.0,506322844#0,6
2500.0,506322848#0,9
2500.0,51362431,9
2500.0,668037874,1
2520.0,-35274074#2,8
2520.0,263217604#0,29
2520.0,300077497#6,3
2520.0,48794890,38
2520.0,506322844#0,5
2520.0,506322848#0,9
2520.0,51362431,9
2520.0,668037874,1
2520.0,:655375239_7,1
2540.0,-300077497#5,1
2540.0,-35274074#2,6
2540.0,263217604#0,31
2540.0,300077497#6,5
2540.0,48794890,38
2540.0,506322844#0,6
2540.0,506322848#0,8
2540.0,51362431,9
2540.0,668037874,1
2540.0,:cluster_9383263990_9383263991_9383263992_9383263993_18,1
2560.0,-300077497#5,1
2560.0,-35274074#2,6
2560.0,263217604#0,31
2560.0,300077497#6,5
2560.0,303647015#0,1
2560.0,48794890,38
2560.0,506322844#0,6
2560.0,506322848#0,8
2560.0,51362431,9
2560.0,668037874,1
2560.0,:cluster_9383263990_9383263991_9383263992_9383263993_18,1
2580.0,-35274074#2,6
2580.0,263217604#0,31
2580.0,300077497#6,5
2580.0,48794890,38
2580.0,506322844#0,6
2580.0,506322848#0,8
2580.0,51362431,9
2580.0,668037874,1
2580.0,:cluster_2528018119_655375236_12,1
2580.0,:cluster_9383263990_9383263991_9383263992_9383263993_18,1
2600.0,-35274074#2,6
2600.0,-593847703#3,1
2600.0,263217604#0,31
2600.0,300077497#6,5
2600.0,48794890,38
2600.0,506322844#0,6
2600.0,506322848#0,8
2600.0,51362431,9
2600.0,668037874,1
2600.0,:cluster_9383263990_9383263991_9383263992_9383263993_18,1
2620.0,-35274074#2,6
2620.0,263217604#0,31
2620.0,300077497#6,5
2620.0,48794890,38
2620.0,506322844#0,6
2620.0,506322848#0,8
2620.0,51362431,9
2620.0,668037874,1
2620.0,:cluster_9383263990_9383263991_9383263992_9383263993_18,1
2620.0,E0,1
2640.0,-35274074#2,6
2640.0,263217604#0,31
2640.0,300077497#6,5
2640.0,48794890,38
2640.0,506322844#0,6
2640.0,506322848#0,8
2640.0,51362431,9
2640.0,668037874,1
2640.0,:cluster_9383263990_9383263991_9383263992_9383263993_18,1
2660.0,-35274074#2,6
2660.0,263217604#0,31
2660.0,300077497#6,5
2660.0,48794890,38
2660.0,506322844#0,6
2660.0,506322848#0,8
2660.0,51362431,9
2660.0,668037874,1
2660.0,:cluster_9383263990_9383263991_9383263992_9383263993_18,1
2680.0,-35274074#2,6
2680.0,263217604#0,31
2680.0,300077497#6,5
2680.0,48794890,38
2680.0,506322844#0,6
2680.0,506322848#0,8
2680.0,51362431,9
2680.0,668037874,1
2680.0,:cluster_9383263990_9383263991_9383263992_9383263993_18,1
2700.0,-35274074#2,6
2700.0,263217604#0,31
2700.0,300077497#6,5
2700.0,48794890,38
2700.0,506322844#0,6
2700.0,506322848#0,8
2700.0,51362431,9
2700.0,668037874,1
2700.0,:cluster_9383263990_9383263991_9383263992_9383263993_18,1
2720.0,-35274074#2,6
2720.0,263217604#0,31
2720.0,300077497#6,5
2720.0,48794890,38
2720.0,506322844#0,6
2720.0,506322848#0,8
2720.0,51362431,9
2720.0,668037874,1
2720.0,:cluster_9383263990_9383263991_9383263992_9383263993_18,1
2740.0,-35274074#2,6
2740.0,263217604#0,31
2740.0,300077497#6,5
2740.0,48794890,38
2740.0,506322844#0,6
2740.0,506322848#0,8
2740.0,51362431,9
2740.0,668037874,1
2740.0,:cluster_9383263990_9383263991_9383263992_9383263993_18,1
2760.0,-35274074#2,6
2760.0,263217604#0,31
2760.0,300077497#6,5
2760.0,48794890,38
2760.0,506322844#0,6
2760.0,506322848#0,8
2760.0,51362431,8
2760.0,594658757#0,1
2760.0,594658762#0,1
2760.0,668037874,1
2760.0,:cluster_9383263990_9383263991_9383263992_9383263993_18,1
2780.0,-35274074#2,6
2780.0,196961377#0,1
2780.0,263217604#0,31
2780.0,300077497#6,5
2780.0,48794890,37
2780.0,506322844#0,6
2780.0,506322848#0,8
2780.0,51362431,9
2780.0,668037874,1
2780.0,:cluster_9383263990_9383263991_9383263992_9383263993_18,1
2800.0,-35274074#2,6
2800.0,263217604#0,30
2800.0,300077497#6,5
2800.0,303647015#0,1
2800.0,48794890,37
2800.0,506322844#0,6
2800.0,506322848#0,8
2800.0,51362431,9
2800.0,668037874,1
2800.0,:cluster_9383263990_9383263991_9383263992_9383263993_18,1
2820.0,-35274074#2,6
2820.0,263217604#0,30
2820.0,300077497#6,5
2820.0,48794890,38
2820.0,506322844#0,6
2820.0,506322848#0,8
2820.0,51362431,9
2820.0,668037874,1
2820.0,:cluster_9383263990_9383263991_9383263992_9383263993_18,1
2840.0,-300077497#5,1
2840.0,-35274074#2,3
2840.0,263217604#0,31
2840.0,300077497#6,6
2840.0,48794890,38
2840.0,506322844#0,4
2840.0,506322848#0,8
2840.0,51362431,9
2840.0,668037874,1
2840.0,:cluster_9383263990_9383263991_9383263992_9383263993_18,1
2860.0,-300077497#5,2
2860.0,-35274074#2,3
2860.0,263217604#0,31
2860.0,300077497#6,6
2860.0,48794890,38
2860.0,506322844#0,6
2860.0,506322848#0,7
2860.0,51362431,9
2860.0,668037874,1
2860.0,:cluster_2528018119_655375236_14,1
2880.0,-300077497#5,1
2880.0,-35274074#2,3
2880.0,182334378#0,1
2880.0,263217604#0,31
2880.0,300077497#6,6
2880.0,48794890,38
2880.0,506322844#0,6
2880.0,506322848#0,7
2880.0,51362431,9
2880.0,668037874,1
2900.0,-35274074#2,3
2900.0,182334378#0,1
2900.0,263217604#0,31
2900.0,300077497#6,6
2900.0,48794890,38
2900.0,506322844#0,6
2900.0,506322848#0,7
2900.0,51362431,9
2900.0,668037874,1
2900.0,:cluster_2528018119_655375236_14,1
2920.0,-35274074#2,3
2920.0,263217604#0,31
2920.0,300077497#6,6
2920.0,48794890,38
2920.0,506322844#0,6
2920.0,506322848#0,7
2920.0,51362431,9
2920.0,668037874,1
2920.0,:655375336_14,1
2940.0,-35274074#2,3
2940.0,1334904386#0,1
2940.0,263217604#0,31
2940.0,300077497#6,6
2940.0,48794890,38
2940.0,506322844#0,6
2940.0,506322848#0,7
2940.0,51362431,9
2940.0,668037874,1
2960.0,-35274074#2,3
2960.0,263217604#0,31
2960.0,300077497#6,6
2960.0,48794890,38
2960.0,506322844#0,6
2960.0,506322848#0,7
2960.0,51362431,9
2960.0,668037874,1
2960.0,:cluster_655375246_655375489_3,1
2980.0,-35274074#2,3
2980.0,263217604#0,31
2980.0,300077497#6,6
2980.0,48794890,38
2980.0,506322844#0,6
2980.0,506322848#0,7
2980.0,51362431,9
2980.0,668037874,1
3000.0,-35274074#2,3
3000.0,263217604#0,31
3000.0,300077497#6,6
3000.0,48794890,38
3000.0,506322844#0,6
3000.0,506322848#0,7
3000.0,51362431,9
3000.0,668037874,1
3020.0,-35274074#2,3
3020.0,263217604#0,31
3020.0,300077497#6,6
3020.0,48794890,38
3020.0,506322844#0,6
3020.0,506322848#0,7
3020.0,51362431,9
3020.0,668037874,1
3040.0,-35274074#2,3
3040.0,263217604#0,31
3040.0,300077497#6,6
3040.0,48794890,38
3040.0,506322844#0,6
3040.0,506322848#0,7
3040.0,51362431,9
3040.0,668037874,1
3060.0,-35274074#2,3
3060.0,263217604#0,31
3060.0,300077497#6,6
3060.0,48794890,38
3060.0,506322844#0,6
3060.0,506322848#0,7
3060.0,51362431,9
3060.0,668037874,1
3080.0,-35274074#2,3
3080.0,196961377#0,1
3080.0,263217604#0,31
3080.0,300077497#6,6
3080.0,303647015#0,1
3080.0,48794890,37
3080.0,506322844#0,6
3080.0,506322848#0,7
3080.0,51362431,9
3080.0,668037874,1
3100.0,-35274074#2,3
3100.0,263217604#0,30
3100.0,300077497#6,6
3100.0,303647015#0,1
3100.0,48794890,37
3100.0,506322844#0,6
3100.0,506322848#0,7
3100.0,51362431,9
3100.0,668037874,1
3120.0,-35274074#2,3
3120.0,263217604#0,30
3120.0,300077497#6,6
3120.0,48794890,37
3120.0,506322844#0,6
3120.0,506322848#0,7
3120.0,51362431,9
3120.0,668037874,1
3140.0,-35274074#2,2
3140.0,263217604#0,31
3140.0,300077497#6,5
3140.0,48794890,38
3140.0,506322844#0,6
3140.0,506322848#0,7
3140.0,51362431,9
3140.0,668037874,1
3160.0,-35274074#2,2
3160.0,263217604#0,31
3160.0,300077497#6,5
3160.0,48794890,38
3160.0,506322844#0,6
3160.0,506322848#0,6
3160.0,51362431,9
3160.0,668037874,1
3180.0,-35274074#2,2
3180.0,263217604#0,31
3180.0,300077497#6,5
3180.0,303647015#0,1
3180.0,48794890,38
3180.0,506322844#0,6
3180.0,506322848#0,6
3180.0,51362431,9
3180.0,668037874,1
3200.0,-35274074#2,2
3200.0,263217604#0,31
3200.0,300077497#6,5
3200.0,48794890,38
3200.0,506322844#0,6
3200.0,506322848#0,6
3200.0,51362431,9
3200.0,668037874,1
3220.0,-35274074#2,2
3220.0,263217604#0,31
3220.0,300077497#6,5
3220.0,48794890,38
3220.0,506322844#0,6
3220.0,506322848#0,6
3220.0,51362431,9
3220.0,668037874,1
3240.0,-35274074#2,2
3240.0,263217604#0,31
3240.0,300077497#6,5
3240.0,48794890,38
3240.0,506322844#0,6
3240.0,506322848#0,6
3240.0,51362431,9
3240.0,668037874,1
3260.0,-35274074#2,2
3260.0,263217604#0,31
3260.0,300077497#6,5
3260.0,48794890,38
3260.0,506322844#0,6
3260.0,506322848#0,6
3260.0,51362431,9
3260.0,668037874,1
3280.0,-35274074#2,2
3280.0,263217604#0,31
3280.0,300077497#6,5
3280.0,48794890,38
3280.0,506322844#0,6
3280.0,506322848#0,6
3280.0,51362431,9
3280.0,668037874,1
3300.0,-35274074#2,2
3300.0,263217604#0,31
3300.0,300077497#6,5
3300.0,48794890,38
3300.0,506322844#0,6
3300.0,506322848#0,6
3300.0,51362431,9
3300.0,668037874,1
3320.0,-35274074#2,2
3320.0,263217604#0,31
3320.0,300077497#6,5
3320.0,48794890,38
3320.0,506322844#0,6
3320.0,506322848#0,6
3320.0,51362431,9
3320.0,668037874,1
3340.0,-35274074#2,2
3340.0,263217604#0,31
3340.0,300077497#6,5
3340.0,48794890,38
3340.0,506322844#0,6
3340.0,506322848#0,6
3340.0,51362431,9
3340.0,668037874,1
3360.0,-35274074#2,2
3360.0,263217604#0,31
3360.0,300077497#6,5
3360.0,48794890,38
3360.0,506322844#0,6
3360.0,506322848#0,6
3360.0,51362431,9
3360.0,668037874,1
3380.0,-35274074#2,2
3380.0,196961377#0,1
3380.0,263217604#0,31
3380.0,300077497#6,5
3380.0,48794890,37
3380.0,506322844#0,6
3380.0,506322848#0,6
3380.0,51362431,9
3380.0,594658762#0,1
3380.0,668037874,1
3400.0,-35274074#2,2
3400.0,263217604#0,30
3400.0,300077497#6,5
3400.0,303647015#0,2
3400.0,48794890,37
3400.0,506322844#0,6
3400.0,506322848#0,6
3400.0,51362431,9
3400.0,668037874,1
3420.0,-35274074#2,2
3420.0,263217604#0,29
3420.0,300077497#6,5
3420.0,48794890,37
3420.0,506322844#0,6
3420.0,506322848#0,6
3420.0,51362431,9
3420.0,668037874,1
3440.0,-35274074#2,2
3440.0,263217604#0,29
3440.0,300077497#6,5
3440.0,48794890,38
3440.0,506322844#0,6
3440.0,506322848#0,6
3440.0,51362431,9
3440.0,668037874,1
3460.0,-300077497#5,1
3460.0,263217604#0,32
3460.0,300077497#6,4
3460.0,48794890,38
3460.0,506322844#0,5
3460.0,506322848#0,5
3460.0,51362431,9
3460.0,668037874,1
3480.0,-300077497#5,1
3480.0,263217604#0,32
3480.0,300077497#6,4
3480.0,48794890,38
3480.0,506322844#0,6
3480.0,506322848#0,4
3480.0,51362431,9
3480.0,668037874,1
3500.0,263217604#0,32
3500.0,300077497#6,4
3500.0,48794890,38
3500.0,506322844#0,6
3500.0,506322848#0,4
3500.0,51362431,9
3500.0,668037874,1
3500.0,:cluster_2528018119_655375236_14,1
3520.0,182334378#0,1
3520.0,263217604#0,32
3520.0,300077497#6,4
3520.0,48794890,38
3520.0,506322844#0,6
3520.0,506322848#0,4
3520.0,51362431,9
3520.0,668037874,1
3540.0,182334378#0,1
3540.0,263217604#0,32
3540.0,300077497#6,4
3540.0,48794890,38
3540.0,506322844#0,6
3540.0,506322848#0,4
3540.0,51362431,9
3540.0,668037874,1
3560.0,263217604#0,32
3560.0,300077497#6,4
3560.0,48794890,38
3560.0,506322844#0,6
3560.0,506322848#0,4
3560.0,51362431,9
3560.0,668037874,1
3560.0,:655375336_14,1
3580.0,1334904386#0,1
3580.0,263217604#0,32
3580.0,300077497#6,4
3580.0,48794890,38
3580.0,506322844#0,6
3580.0,506322848#0,4
3580.0,51362431,9
3580.0,668037874,1
3600.0,1334904386#0,1
3600.0,263217604#0,32
3600.0,300077497#6,4
3600.0,48794890,38
3600.0,506322844#0,6
3600.0,506322848#0,4
3600.0,51362431,9
3600.0,668037874,1
3620.0,263217604#0,32
3620.0,300077497#6,4
3620.0,48794890,38
3620.0,506322844#0,6
3620.0,506322848#0,4
3620.0,51362431,9
3620.0,668037874,1
3620.0,:cluster_655375246_655375489_3,1
3640.0,263217604#0,32
3640.0,300077497#6,4
3640.0,48794890,38
3640.0,506322844#0,6
3640.0,506322848#0,4
3640.0,51362431,9
3640.0,668037874,1
3660.0,263217604#0,32
3660.0,300077497#6,4
3660.0,48794890,38
3660.0,506322844#0,6
3660.0,506322848#0,4
3660.0,51362431,9
3660.0,668037874,1
3680.0,263217604#0,32
3680.0,300077497#6,4
3680.0,48794890,38
3680.0,506322844#0,6
3680.0,506322848#0,4
3680.0,51362431,8
3680.0,594658762#0,1
3680.0,668037874,1
3700.0,263217604#0,32
3700.0,300077497#6,4
3700.0,303647015#0,1
3700.0,48794890,37
3700.0,506322844#0,6
3700.0,506322848#0,4
3700.0,51362431,9
3700.0,668037874,1
3720.0,263217604#0,31
3720.0,300077497#6,4
3720.0,48794890,37
3720.0,506322844#0,6
3720.0,506322848#0,4
3720.0,51362431,9
3720.0,668037874,1
3740.0,263217604#0,31
3740.0,300077497#6,4
3740.0,48794890,38
3740.0,506322844#0,6
3740.0,506322848#0,4
3740.0,51362431,9
3740.0,668037874,1
3760.0,263217604#0,31
3760.0,300077497#6,3
3760.0,48794890,38
3760.0,506322844#0,5
3760.0,506322848#0,4
3760.0,51362431,9
3760.0,668037874,1
3780.0,263217604#0,30
3780.0,300077497#6,3
3780.0,48794890,38
3780.0,506322844#0,6
3780.0,506322848#0,3
3780.0,51362431,9
3780.0,594658760#0,1
3780.0,668037874,1
3800.0,263217604#0,30
3800.0,300077497#6,3
3800.0,48794890,38
3800.0,506322844#0,6
3800.0,506322848#0,3
3800.0,51362431,9
3800.0,668037874,1
3820.0,263217604#0,31
3820.0,300077497#6,3
3820.0,48794890,38
3820.0,506322844#0,6
3820.0,506322848#0,3
3820.0,51362431,9
3820.0,668037874,1
3840.0,263217604#0,31
3840.0,300077497#6,3
3840.0,48794890,38
3840.0,506322844#0,6
3840.0,506322848#0,3
3840.0,51362431,9
3840.0,668037874,1
3860.0,263217604#0,31
3860.0,300077497#6,3
3860.0,48794890,38
3860.0,506322844#0,6
3860.0,506322848#0,3
3860.0,51362431,9
3860.0,668037874,1
3880.0,263217604#0,31
3880.0,300077497#6,3
3880.0,48794890,38
3880.0,506322844#0,6
3880.0,506322848#0,3
3880.0,51362431,9
3880.0,668037874,1
3900.0,263217604#0,31
3900.0,300077497#6,3
3900.0,48794890,38
3900.0,506322844#0,6
3900.0,506322848#0,3
3900.0,51362431,9
3900.0,668037874,1
3920.0,263217604#0,31
3920.0,300077497#6,3
3920.0,48794890,38
3920.0,506322844#0,6
3920.0,506322848#0,3
3920.0,51362431,9
3920.0,668037874,1
3940.0,263217604#0,31
3940.0,300077497#6,3
3940.0,48794890,38
3940.0,506322844#0,6
3940.0,506322848#0,3
3940.0,51362431,9
3940.0,668037874,1
3960.0,263217604#0,31
3960.0,300077497#6,3
3960.0,48794890,38
3960.0,506322844#0,6
3960.0,506322848#0,3
3960.0,51362431,9
3960.0,668037874,1
3980.0,263217604#0,31
3980.0,300077497#6,3
3980.0,48794890,38
3980.0,506322844#0,6
3980.0,506322848#0,3
3980.0,51362431,8
3980.0,594658762#0,1
3980.0,668037874,1
4000.0,196961377#0,1
4000.0,263217604#0,31
4000.0,300077497#6,3
4000.0,303647015#0,1
4000.0,48794890,37
4000.0,506322844#0,6
4000.0,506322848#0,3
4000.0,51362431,9
4000.0,668037874,1
4020.0,263217604#0,31
4020.0,300077497#6,3
4020.0,48794890,37
4020.0,506322844#0,6
4020.0,506322848#0,3
4020.0,51362431,9
4020.0,668037874,1
4040.0,263217604#0,31
4040.0,300077497#6,3
4040.0,48794890,38
4040.0,506322844#0,6
4040.0,506322848#0,3
4040.0,51362431,9
4040.0,668037874,1
4060.0,263217604#0,31
4060.0,300077497#6,2
4060.0,48794890,38
4060.0,506322844#0,6
4060.0,506322848#0,3
4060.0,51362431,9
4060.0,668037874,1
4080.0,263217604#0,30
4080.0,300077497#6,2
4080.0,303647015#0,1
4080.0,48794890,38
4080.0,506322844#0,6
4080.0,506322848#0,2
4080.0,51362431,9
4080.0,668037874,1
4100.0,263217604#0,30
4100.0,300077497#6,2
4100.0,48794890,38
4100.0,506322844#0,6
4100.0,506322848#0,2
4100.0,51362431,9
4100.0,668037874,1
4120.0,263217604#0,30
4120.0,300077497#6,2
4120.0,303647015#0,1
4120.0,48794890,38
4120.0,506322844#0,6
4120.0,506322848#0,2
4120.0,51362431,9
4120.0,668037874,1
4120.0,:655375401_0,1
4140.0,263217604#0,30
4140.0,300077497#6,2
4140.0,48794890,38
4140.0,506322844#0,6
4140.0,506322848#0,2
4140.0,51362431,9
4140.0,668037874,1
4160.0,263217604#0,31
4160.0,300077497#6,2
4160.0,48794890,38
4160.0,506322844#0,6
4160.0,506322848#0,2
4160.0,51362431,9
4160.0,668037874,1
4180.0,263217604#0,31
4180.0,300077497#6,2
4180.0,48794890,38
4180.0,506322844#0,6
4180.0,506322848#0,2
4180.0,51362431,9
4180.0,668037874,1
4200.0,263217604#0,31
4200.0,300077497#6,2
4200.0,48794890,38
4200.0,506322844#0,6
4200.0,506322848#0,2
4200.0,51362431,9
4200.0,668037874,1
4220.0,263217604#0,31
4220.0,300077497#6,2
4220.0,48794890,38
4220.0,506322844#0,6
4220.0,506322848#0,2
4220.0,51362431,9
4220.0,668037874,1
4240.0,263217604#0,31
4240.0,300077497#6,2
4240.0,48794890,38
4240.0,506322844#0,6
4240.0,506322848#0,2
4240.0,51362431,9
4240.0,668037874,1
4260.0,263217604#0,31
4260.0,300077497#6,2
4260.0,48794890,38
4260.0,506322844#0,6
4260.0,506322848#0,2
4260.0,51362431,9
4260.0,668037874,1
4280.0,263217604#0,31
4280.0,300077497#6,2
4280.0,48794890,38
4280.0,506322844#0,6
4280.0,506322848#0,2
4280.0,51362431,9
4280.0,668037874,1
4300.0,196961377#0,1
4300.0,263217604#0,31
4300.0,300077497#6,2
4300.0,48794890,37
4300.0,506322844#0,6
4300.0,506322848#0,2
4300.0,51362431,9
4300.0,594658762#0,1
4300.0,668037874,1
4320.0,263217604#0,31
4320.0,300077497#6,2
4320.0,48794890,37
4320.0,506322844#0,6
4320.0,506322848#0,2
4320.0,51362431,9
4320.0,668037874,1
4340.0,263217604#0,31
4340.0,300077497#6,2
4340.0,48794890,38
4340.0,506322844#0,6
4340.0,506322848#0,2
4340.0,51362431,9
4340.0,668037874,1
4360.0,263217604#0,31
4360.0,300077497#6,2
4360.0,48794890,38
4360.0,506322844#0,6
4360.0,506322848#0,2
4360.0,51362431,9
4360.0,668037874,1
4380.0,263217604#0,31
4380.0,300077497#6,1
4380.0,48794890,38
4380.0,506322844#0,5
4380.0,51362431,9
4380.0,668037874,1
4380.0,:cluster_9383263990_9383263991_9383263992_9383263993_3,1
4400.0,263217604#0,31
4400.0,300077497#6,1
4400.0,48794890,38
4400.0,506322844#0,6
4400.0,51362431,9
4400.0,668037874,1
4420.0,263217604#0,31
4420.0,300077497#6,1
4420.0,303647015#0,1
4420.0,48794890,38
4420.0,506322844#0,6
4420.0,51362431,9
4420.0,668037874,1
4440.0,263217604#0,30
4440.0,300077497#6,1
4440.0,48794890,38
4440.0,506322844#0,6
4440.0,51362431,9
4440.0,668037874,1
4460.0,263217604#0,30
4460.0,300077497#6,1
4460.0,48794890,38
4460.0,506322844#0,6
4460.0,51362431,9
4460.0,668037874,1
4480.0,263217604#0,31
4480.0,300077497#6,1
4480.0,48794890,38
4480.0,506322844#0,6
4480.0,51362431,9
4480.0,668037874,1
4500.0,263217604#0,31
4500.0,300077497#6,1
4500.0,48794890,38
4500.0,506322844#0,6
4500.0,51362431,9
4500.0,668037874,1
4520.0,263217604#0,31
4520.0,300077497#6,1
4520.0,48794890,38
4520.0,506322844#0,6
4520.0,51362431,9
4520.0,668037874,1
4540.0,263217604#0,31
4540.0,300077497#6,1
4540.0,48794890,38
4540.0,506322844#0,6
4540.0,51362431,9
4540.0,668037874,1
4560.0,263217604#0,31
4560.0,300077497#6,1
4560.0,48794890,38
4560.0,506322844#0,6
4560.0,51362431,9
4560.0,668037874,1
4580.0,263217604#0,31
4580.0,300077497#6,1
4580.0,48794890,38
4580.0,506322844#0,6
4580.0,51362431,9
4580.0,668037874,1
4600.0,196961377#0,1
4600.0,263217604#0,31
4600.0,300077497#6,1
4600.0,303647015#0,1
4600.0,48794890,37
4600.0,506322844#0,6
4600.0,51362431,9
4600.0,594658762#0,1
4600.0,668037874,1
4620.0,263217604#0,31
4620.0,300077497#6,1
4620.0,48794890,37
4620.0,506322844#0,6
4620.0,51362431,9
4620.0,668037874,1
4640.0,263217604#0,31
4640.0,300077497#6,1
4640.0,48794890,37
4640.0,506322844#0,6
4640.0,51362431,9
4640.0,668037874,1
4660.0,263217604#0,31
4660.0,300077497#6,1
4660.0,48794890,38
4660.0,506322844#0,6
4660.0,51362431,9
4660.0,668037874,1
4680.0,263217604#0,31
4680.0,48794890,38
4680.0,506322844#0,5
4680.0,51362431,9
4680.0,668037874,1
4700.0,263217604#0,31
4700.0,48794890,38
4700.0,506322844#0,6
4700.0,51362431,9
4700.0,668037874,1
4720.0,263217604#0,31
4720.0,48794890,38
4720.0,506322844#0,6
4720.0,51362431,9
4720.0,668037874,1
4740.0,263217604#0,30
4740.0,48794890,38
4740.0,506322844#0,6
4740.0,51362431,9
4740.0,594658757#0,1
4740.0,668037874,1
4760.0,263217604#0,30
4760.0,48794890,38
4760.0,506322844#0,6
4760.0,51362431,9
4760.0,668037874,1
4780.0,263217604#0,31
4780.0,48794890,38
4780.0,506322844#0,6
4780.0,51362431,9
4780.0,668037874,1
4800.0,263217604#0,31
4800.0,48794890,38
4800.0,506322844#0,6
4800.0,51362431,9
4800.0,668037874,1
4820.0,263217604#0,31
4820.0,48794890,38
4820.0,506322844#0,6
4820.0,51362431,9
4820.0,668037874,1
4840.0,263217604#0,31
4840.0,48794890,38
4840.0,506322844#0,6
4840.0,51362431,9
4840.0,668037874,1
4860.0,263217604#0,31
4860.0,48794890,38
4860.0,506322844#0,6
4860.0,51362431,9
4860.0,668037874,1
4880.0,263217604#0,31
4880.0,48794890,38
4880.0,506322844#0,6
4880.0,51362431,9
4880.0,668037874,1
4900.0,263217604#0,31
4900.0,48794890,38
4900.0,506322844#0,6
4900.0,51362431,8
4900.0,594658762#0,1
4900.0,668037874,1
4920.0,263217604#0,31
4920.0,48794890,37
4920.0,506322844#0,6
4920.0,51362431,9
4920.0,668037874,1
4940.0,263217604#0,31
4940.0,48794890,37
4940.0,506322844#0,6
4940.0,51362431,9
4940.0,668037874,1
4960.0,263217604#0,31
4960.0,48794890,38
4960.0,506322844#0,6
4960.0,51362431,9
4960.0,668037874,1
4980.0,263217604#0,31
4980.0,48794890,38
4980.0,506322844#0,6
4980.0,51362431,9
4980.0,668037874,1
5000.0,263217604#0,31
5000.0,48794890,38
5000.0,506322844#0,6
5000.0,51362431,9
5000.0,668037874,1
5020.0,263217604#0,31
5020.0,48794890,38
5020.0,506322844#0,6
5020.0,51362431,9
5020.0,668037874,1
5040.0,263217604#0,30
5040.0,303647015#0,1
5040.0,48794890,38
5040.0,506322844#0,6
5040.0,51362431,9
5040.0,668037874,1
5060.0,263217604#0,30
5060.0,48794890,38
5060.0,506322844#0,6
5060.0,51362431,9
5060.0,668037874,1
5080.0,263217604#0,31
5080.0,48794890,38
5080.0,506322844#0,6
5080.0,51362431,9
5080.0,668037874,1
5100.0,263217604#0,31
5100.0,48794890,38
5100.0,506322844#0,6
5100.0,51362431,9
5100.0,668037874,1
5120.0,263217604#0,31
5120.0,48794890,38
5120.0,506322844#0,6
5120.0,51362431,9
5120.0,668037874,1
5140.0,263217604#0,31
5140.0,48794890,38
5140.0,506322844#0,6
5140.0,51362431,9
5140.0,668037874,1
5160.0,263217604#0,31
5160.0,48794890,38
5160.0,506322844#0,6
5160.0,51362431,9
5160.0,668037874,1
5180.0,263217604#0,31
5180.0,48794890,38
5180.0,506322844#0,6
5180.0,51362431,9
5180.0,668037874,1
5200.0,263217604#0,31
5200.0,48794890,38
5200.0,506322844#0,6
5200.0,51362431,8
5200.0,594658762#0,1
5200.0,668037874,1
5220.0,196961377#0,1
5220.0,263217604#0,31
5220.0,48794890,37
5220.0,506322844#0,6
5220.0,51362431,9
5220.0,668037874,1
5240.0,263217604#0,31
5240.0,48794890,37
5240.0,506322844#0,6
5240.0,51362431,9
5240.0,668037874,1
5260.0,263217604#0,31
5260.0,48794890,38
5260.0,506322844#0,6
5260.0,51362431,9
5260.0,668037874,1
5280.0,263217604#0,31
5280.0,48794890,38
5280.0,506322844#0,6
5280.0,51362431,9
5280.0,668037874,1
5300.0,263217604#0,31
5300.0,48794890,38
5300.0,506322844#0,6
5300.0,51362431,9
5300.0,668037874,1
5320.0,263217604#0,31
5320.0,48794890,38
5320.0,506322844#0,6
5320.0,51362431,9
5320.0,668037874,1
5340.0,263217604#0,30
5340.0,303647015#0,1
5340.0,48794890,38
5340.0,506322844#0,6
5340.0,51362431,9
5340.0,668037874,1
5360.0,263217604#0,30
5360.0,48794890,38
5360.0,506322844#0,6
5360.0,51362431,9
5360.0,668037874,1
5380.0,263217604#0,31
5380.0,48794890,38
5380.0,506322844#0,6
5380.0,51362431,9
5380.0,668037874,1
5400.0,263217604#0,31
5400.0,48794890,38
5400.0,506322844#0,6
5400.0,51362431,9
5400.0,668037874,1
5420.0,263217604#0,31
5420.0,48794890,38
5420.0,506322844#0,6
5420.0,51362431,9
5420.0,668037874,1
5440.0,263217604#0,31
5440.0,48794890,38
5440.0,506322844#0,6
5440.0,51362431,9
5440.0,668037874,1
5460.0,263217604#0,31
5460.0,48794890,38
5460.0,506322844#0,6
5460.0,51362431,9
5460.0,668037874,1
5480.0,263217604#0,31
5480.0,48794890,38
5480.0,506322844#0,6
5480.0,51362431,9
5480.0,668037874,1
5500.0,263217604#0,31
5500.0,48794890,38
5500.0,506322844#0,6
5500.0,51362431,9
5500.0,668037874,1
5520.0,196961377#0,1
5520.0,263217604#0,31
5520.0,48794890,37
5520.0,506322844#0,6
5520.0,51362431,8
5520.0,668037874,1
5540.0,263217604#0,31
5540.0,48794890,37
5540.0,506322844#0,6
5540.0,51362431,8
5540.0,668037874,1
5560.0,263217604#0,31
5560.0,48794890,38
5560.0,506322844#0,6
5560.0,51362431,8
5560.0,668037874,1
5580.0,263217604#0,31
5580.0,48794890,38
5580.0,506322844#0,6
5580.0,51362431,8
5580.0,668037874,1
5600.0,263217604#0,31
5600.0,48794890,38
5600.0,506322844#0,5
5600.0,51362431,8
5600.0,668037874,1
5620.0,263217604#0,31
5620.0,48794890,38
5620.0,506322844#0,6
5620.0,51362431,8
5620.0,668037874,1
5640.0,263217604#0,31
5640.0,48794890,38
5640.0,506322844#0,6
5640.0,51362431,8
5640.0,668037874,1
5660.0,263217604#0,30
5660.0,48794890,38
5660.0,506322844#0,6
5660.0,51362431,8
5660.0,668037874,1
5680.0,263217604#0,31
5680.0,48794890,38
5680.0,506322844#0,6
5680.0,51362431,8
5680.0,668037874,1
5700.0,263217604#0,31
5700.0,48794890,38
5700.0,506322844#0,6
5700.0,51362431,8
5700.0,668037874,1
5720.0,263217604#0,31
5720.0,48794890,38
5720.0,506322844#0,6
5720.0,51362431,8
5720.0,668037874,1
5740.0,263217604#0,31
5740.0,48794890,38
5740.0,506322844#0,6
5740.0,51362431,8
5740.0,668037874,1
5760.0,263217604#0,31
5760.0,48794890,38
5760.0,506322844#0,6
5760.0,51362431,8
5760.0,668037874,1
5780.0,263217604#0,31
5780.0,48794890,38
5780.0,506322844#0,6
5780.0,51362431,8
5780.0,668037874,1
5800.0,263217604#0,31
5800.0,48794890,38
5800.0,506322844#0,6
5800.0,51362431,8
5800.0,668037874,1
5820.0,196961377#0,1
5820.0,263217604#0,31
5820.0,48794890,37
5820.0,506322844#0,6
5820.0,51362431,7
5820.0,594658762#0,1
5820.0,668037874,1
5840.0,263217604#0,31
5840.0,48794890,37
5840.0,506322844#0,6
5840.0,51362431,7
5840.0,668037874,1
5860.0,263217604#0,31
5860.0,48794890,37
5860.0,506322844#0,6
5860.0,51362431,7
5860.0,668037874,1
5880.0,263217604#0,31
5880.0,48794890,38
5880.0,506322844#0,6
5880.0,51362431,7
5880.0,668037874,1
5900.0,263217604#0,31
5900.0,48794890,38
5900.0,506322844#0,5
5900.0,51362431,7
5900.0,668037874,1
5920.0,263217604#0,31
5920.0,48794890,38
5920.0,506322844#0,6
5920.0,51362431,7
5920.0,668037874,1
5940.0,263217604#0,31
5940.0,48794890,38
5940.0,506322844#0,6
5940.0,51362431,7
5940.0,668037874,1
5960.0,263217604#0,30
5960.0,303647015#0,1
5960.0,48794890,38
5960.0,506322844#0,6
5960.0,51362431,7
5960.0,668037874,1
5980.0,263217604#0,30
5980.0,48794890,38
5980.0,506322844#0,6
5980.0,51362431,7
5980.0,668037874,1
6000.0,263217604#0,31
6000.0,48794890,38
6000.0,506322844#0,6
6000.0,51362431,7
6000.0,668037874,1
6020.0,263217604#0,31
6020.0,48794890,38
6020.0,506322844#0,6
6020.0,51362431,7
6020.0,668037874,1
6040.0,263217604#0,31
6040.0,48794890,38
6040.0,506322844#0,6
6040.0,51362431,7
6040.0,668037874,1
6060.0,263217604#0,31
6060.0,48794890,38
6060.0,506322844#0,6
6060.0,51362431,7
6060.0,668037874,1
6080.0,263217604#0,31
6080.0,48794890,38
6080.0,506322844#0,6
6080.0,51362431,7
6080.0,668037874,1
6100.0,263217604#0,31
6100.0,48794890,38
6100.0,506322844#0,6
6100.0,51362431,7
6100.0,668037874,1
6120.0,263217604#0,31
6120.0,48794890,38
6120.0,506322844#0,6
6120.0,51362431,6
6120.0,594658762#0,1
6120.0,668037874,1
6140.0,263217604#0,31
6140.0,48794890,37
6140.0,506322844#0,6
6140.0,51362431,6
6140.0,668037874,1
6160.0,263217604#0,31
6160.0,48794890,37
6160.0,506322844#0,6
6160.0,51362431,6
6160.0,668037874,1
6180.0,263217604#0,31
6180.0,48794890,38
6180.0,506322844#0,6
6180.0,51362431,6
6180.0,668037874,1
6200.0,263217604#0,31
6200.0,48794890,38
6200.0,506322844#0,6
6200.0,51362431,6
6200.0,668037874,1
6220.0,263217604#0,31
6220.0,48794890,38
6220.0,506322844#0,6
6220.0,51362431,6
6220.0,668037874,1
6240.0,263217604#0,31
6240.0,48794890,38
6240.0,506322844#0,6
6240.0,51362431,6
6240.0,668037874,1
6260.0,263217604#0,30
6260.0,303647015#0,1
6260.0,48794890,38
6260.0,506322844#0,6
6260.0,51362431,6
6260.0,668037874,1
6280.0,263217604#0,30
6280.0,48794890,38
6280.0,506322844#0,6
6280.0,51362431,6
6280.0,668037874,1
6300.0,263217604#0,31
6300.0,48794890,38
6300.0,506322844#0,6
6300.0,51362431,6
6300.0,668037874,1
6320.0,263217604#0,31
6320.0,48794890,38
6320.0,506322844#0,6
6320.0,51362431,6
6320.0,668037874,1
6340.0,263217604#0,31
6340.0,48794890,38
6340.0,506322844#0,6
6340.0,51362431,6
6340.0,668037874,1
6360.0,263217604#0,31
6360.0,48794890,38
6360.0,506322844#0,6
6360.0,51362431,6
6360.0,668037874,1
6380.0,263217604#0,31
6380.0,48794890,38
6380.0,506322844#0,6
6380.0,51362431,6
6380.0,668037874,1
6400.0,263217604#0,31
6400.0,48794890,38
6400.0,506322844#0,6
6400.0,51362431,6
6400.0,668037874,1
6420.0,263217604#0,31
6420.0,48794890,38
6420.0,506322844#0,6
6420.0,51362431,5
6420.0,594658762#0,1
6420.0,668037874,1
6440.0,196961377#0,1
6440.0,263217604#0,31
6440.0,48794890,37
6440.0,506322844#0,6
6440.0,51362431,5
6440.0,668037874,1
6460.0,263217604#0,31
6460.0,48794890,37
6460.0,506322844#0,6
6460.0,51362431,5
6460.0,668037874,1
6480.0,263217604#0,31
6480.0,48794890,38
6480.0,506322844#0,6
6480.0,51362431,5
6480.0,668037874,1
6500.0,263217604#0,31
6500.0,48794890,38
6500.0,506322844#0,6
6500.0,51362431,5
6500.0,668037874,1
6520.0,263217604#0,31
6520.0,48794890,38
6520.0,506322844#0,4
6520.0,51362431,5
6520.0,668037874,1
6520.0,:655375239_2,1
6540.0,263217604#0,31
6540.0,48794890,38
6540.0,506322844#0,6
6540.0,51362431,5
6540.0,668037874,1
6540.0,:cluster_2528018119_655375236_14,1
6560.0,263217604#0,30
6560.0,303647015#0,1
6560.0,48794890,38
6560.0,506322844#0,6
6560.0,51362431,5
6560.0,668037874,1
6580.0,263217604#0,30
6580.0,48794890,38
6580.0,506322844#0,6
6580.0,51362431,5
6580.0,668037874,1
6600.0,-300077497#8,1
6600.0,263217604#0,31
6600.0,48794890,38
6600.0,506322844#0,4
6600.0,51362431,5
6600.0,668037874,1
6600.0,:655375239_3,1
6620.0,263217604#0,32
6620.0,48794890,38
6620.0,506322844#0,6
6620.0,51362431,5
6620.0,668037874,1
6620.0,:cluster_2528018119_655375236_14,1
6640.0,263217604#0,32
6640.0,48794890,38
6640.0,506322844#0,6
6640.0,51362431,5
6640.0,668037874,1
6660.0,263217604#0,32
6660.0,48794890,38
6660.0,506322844#0,6
6660.0,51362431,5
6660.0,668037874,1
6680.0,263217604#0,32
6680.0,48794890,38
6680.0,506322844#0,6
6680.0,51362431,5
6680.0,668037874,1
6700.0,263217604#0,32
6700.0,48794890,38
6700.0,506322844#0,6
6700.0,51362431,5
6700.0,668037874,1
6720.0,263217604#0,32
6720.0,48794890,38
6720.0,506322844#0,6
6720.0,51362431,5
6720.0,668037874,1
6740.0,196961377#0,1
6740.0,263217604#0,32
6740.0,48794890,37
6740.0,506322844#0,6
6740.0,51362431,4
6740.0,594658762#0,1
6740.0,668037874,1
6760.0,263217604#0,32
6760.0,48794890,37
6760.0,506322844#0,6
6760.0,51362431,4
6760.0,668037874,1
6780.0,263217604#0,32
6780.0,48794890,38
6780.0,506322844#0,6
6780.0,51362431,4
6780.0,668037874,1
6800.0,263217604#0,32
6800.0,48794890,38
6800.0,506322844#0,6
6800.0,51362431,4
6800.0,668037874,1
6820.0,263217604#0,32
6820.0,48794890,38
6820.0,506322844#0,6
6820.0,51362431,4
6820.0,668037874,1
6840.0,263217604#0,32
6840.0,48794890,38
6840.0,506322844#0,6
6840.0,51362431,4
6840.0,668037874,1
6860.0,263217604#0,32
6860.0,48794890,38
6860.0,506322844#0,6
6860.0,51362431,4
6860.0,668037874,1
6880.0,263217604#0,31
6880.0,48794890,38
6880.0,506322844#0,6
6880.0,51362431,4
6880.0,668037874,1
6900.0,263217604#0,31
6900.0,48794890,38
6900.0,506322844#0,6
6900.0,51362431,4
6900.0,668037874,1
6920.0,263217604#0,31
6920.0,48794890,38
6920.0,506322844#0,6
6920.0,51362431,4
6920.0,668037874,1
6940.0,263217604#0,31
6940.0,48794890,38
6940.0,506322844#0,6
6940.0,51362431,4
6940.0,668037874,1
6960.0,263217604#0,31
6960.0,48794890,38
6960.0,506322844#0,6
6960.0,51362431,4
6960.0,668037874,1
6980.0,263217604#0,31
6980.0,48794890,38
6980.0,506322844#0,6
6980.0,51362431,4
6980.0,668037874,1
7000.0,263217604#0,31
7000.0,48794890,38
7000.0,506322844#0,6
7000.0,51362431,4
7000.0,668037874,1
7020.0,263217604#0,31
7020.0,48794890,38
7020.0,506322844#0,6
7020.0,51362431,4
7020.0,668037874,1
7040.0,196961377#0,1
7040.0,263217604#0,31
7040.0,48794890,37
7040.0,506322844#0,6
7040.0,51362431,3
7040.0,594658762#0,1
7040.0,668037874,1
7060.0,263217604#0,31
7060.0,48794890,37
7060.0,506322844#0,6
7060.0,51362431,3
7060.0,668037874,1
7080.0,263217604#0,31
7080.0,48794890,37
7080.0,506322844#0,6
7080.0,51362431,3
7080.0,668037874,1
7100.0,263217604#0,31
7100.0,48794890,38
7100.0,506322844#0,6
7100.0,51362431,3
7100.0,668037874,1
7120.0,263217604#0,31
7120.0,48794890,38
7120.0,506322844#0,6
7120.0,51362431,3
7120.0,668037874,1
7140.0,263217604#0,31
7140.0,48794890,38
7140.0,506322844#0,6
7140.0,51362431,3
7140.0,668037874,1
7160.0,263217604#0,31
7160.0,48794890,38
7160.0,506322844#0,6
7160.0,51362431,3
7160.0,668037874,1
7180.0,263217604#0,30
7180.0,48794890,38
7180.0,506322844#0,6
7180.0,51362431,3
7180.0,668037874,1
7200.0,263217604#0,30
7200.0,48794890,38
7200.0,506322844#0,6
7200.0,51362431,3
7200.0,668037874,1
7220.0,263217604#0,31
7220.0,48794890,38
7220.0,506322844#0,6
7220.0,51362431,3
7220.0,668037874,1
7240.0,263217604#0,31
7240.0,48794890,38
7240.0,506322844#0,6
7240.0,51362431,3
7240.0,668037874,1
7260.0,263217604#0,31
7260.0,48794890,38
7260.0,506322844#0,6
7260.0,51362431,3
7260.0,668037874,1
7280.0,263217604#0,31
7280.0,48794890,38
7280.0,506322844#0,6
7280.0,51362431,3
7280.0,668037874,1
7300.0,263217604#0,31
7300.0,48794890,38
7300.0,506322844#0,6
7300.0,51362431,3
7300.0,668037874,1
7320.0,263217604#0,31
7320.0,48794890,38
7320.0,506322844#0,6
7320.0,51362431,3
7320.0,668037874,1
7340.0,263217604#0,31
7340.0,48794890,38
7340.0,506322844#0,6
7340.0,51362431,2
7340.0,594658762#0,1
7340.0,668037874,1
7360.0,263217604#0,31
7360.0,48794890,37
7360.0,506322844#0,6
7360.0,51362431,2
7360.0,668037874,1
7380.0,263217604#0,31
7380.0,48794890,37
7380.0,506322844#0,6
7380.0,51362431,2
7380.0,668037874,1
7400.0,263217604#0,31
7400.0,48794890,38
7400.0,506322844#0,6
7400.0,51362431,2
7400.0,668037874,1
7420.0,263217604#0,31
7420.0,48794890,38
7420.0,506322844#0,6
7420.0,51362431,2
7420.0,668037874,1
7440.0,263217604#0,31
7440.0,48794890,38
7440.0,506322844#0,6
7440.0,51362431,2
7440.0,668037874,1
7460.0,263217604#0,31
7460.0,48794890,38
7460.0,506322844#0,6
7460.0,51362431,2
7460.0,668037874,1
7480.0,263217604#0,30
7480.0,48794890,38
7480.0,506322844#0,6
7480.0,51362431,2
7480.0,668037874,1
7500.0,263217604#0,30
7500.0,48794890,38
7500.0,506322844#0,6
7500.0,51362431,2
7500.0,668037874,1
7520.0,263217604#0,31
7520.0,48794890,38
7520.0,506322844#0,4
7520.0,51362431,2
7520.0,668037874,1
7540.0,263217604#0,31
7540.0,48794890,38
7540.0,506322844#0,6
7540.0,51362431,2
7540.0,668037874,1
7560.0,263217604#0,31
7560.0,48794890,38
7560.0,506322844#0,6
7560.0,51362431,2
7560.0,668037874,1
7580.0,263217604#0,31
7580.0,48794890,38
7580.0,506322844#0,6
7580.0,51362431,2
7580.0,668037874,1
7600.0,263217604#0,31
7600.0,48794890,38
7600.0,506322844#0,6
7600.0,51362431,2
7600.0,668037874,1
7620.0,263217604#0,31
7620.0,48794890,38
7620.0,506322844#0,6
7620.0,51362431,2
7620.0,668037874,1
7640.0,263217604#0,31
7640.0,48794890,38
7640.0,506322844#0,6
7640.0,51362431,1
7640.0,594658762#0,1
7640.0,668037874,1
7660.0,263217604#0,31
7660.0,48794890,37
7660.0,506322844#0,6
7660.0,51362431,1
7660.0,668037874,1
7680.0,263217604#0,31
7680.0,48794890,37
7680.0,506322844#0,6
7680.0,51362431,1
7680.0,668037874,1
7700.0,263217604#0,31
7700.0,48794890,38
7700.0,506322844#0,6
7700.0,51362431,1
7700.0,668037874,1
7720.0,263217604#0,31
7720.0,48794890,38
7720.0,506322844#0,6
7720.0,51362431,1
7720.0,668037874,1
7740.0,263217604#0,31
7740.0,48794890,38
7740.0,506322844#0,6
7740.0,51362431,1
7740.0,668037874,1
7760.0,263217604#0,31
7760.0,48794890,38
7760.0,506322844#0,6
7760.0,51362431,1
7760.0,668037874,1
7780.0,263217604#0,30
7780.0,303647015#0,1
7780.0,48794890,38
7780.0,506322844#0,6
7780.0,51362431,1
7780.0,668037874,1
7800.0,263217604#0,30
7800.0,48794890,38
7800.0,506322844#0,6
7800.0,51362431,1
7800.0,668037874,1
7820.0,263217604#0,30
7820.0,48794890,38
7820.0,506322844#0,6
7820.0,51362431,1
7820.0,668037874,1
7840.0,263217604#0,31
7840.0,48794890,38
7840.0,506322844#0,6
7840.0,51362431,1
7840.0,668037874,1
7860.0,263217604#0,31
7860.0,48794890,38
7860.0,506322844#0,6
7860.0,51362431,1
7860.0,668037874,1
7880.0,263217604#0,31
7880.0,48794890,38
7880.0,506322844#0,6
7880.0,51362431,1
7880.0,668037874,1
7900.0,263217604#0,31
7900.0,48794890,38
7900.0,506322844#0,6
7900.0,51362431,1
7900.0,668037874,1
7920.0,263217604#0,31
7920.0,48794890,38
7920.0,506322844#0,6
7920.0,51362431,1
7920.0,668037874,1
7940.0,263217604#0,31
7940.0,48794890,38
7940.0,506322844#0,6
7940.0,594658762#0,1
7940.0,668037874,1
7960.0,196961377#0,1
7960.0,263217604#0,31
7960.0,48794890,37
7960.0,506322844#0,6
7960.0,668037874,1
7980.0,263217604#0,31
7980.0,48794890,37
7980.0,506322844#0,6
7980.0,668037874,1
8000.0,263217604#0,31
8000.0,48794890,38
8000.0,506322844#0,6
8000.0,668037874,1
8020.0,263217604#0,31
8020.0,48794890,38
8020.0,506322844#0,6
8020.0,668037874,1
8040.0,263217604#0,31
8040.0,48794890,38
8040.0,506322844#0,6
8040.0,668037874,1
8060.0,263217604#0,31
8060.0,48794890,38
8060.0,506322844#0,6
8060.0,668037874,1
8080.0,263217604#0,30
8080.0,303647015#0,1
8080.0,48794890,38
8080.0,506322844#0,6
8080.0,668037874,1
8100.0,263217604#0,30
8100.0,48794890,38
8100.0,506322844#0,6
8100.0,668037874,1
8120.0,263217604#0,30
8120.0,48794890,38
8120.0,506322844#0,6
8120.0,668037874,1
8140.0,-300077497#8,1
8140.0,263217604#0,31
8140.0,48794890,38
8140.0,506322844#0,5
8140.0,668037874,1
8160.0,-300077497#5,1
8160.0,263217604#0,31
8160.0,48794890,38
8160.0,506322844#0,6
8160.0,668037874,1
8180.0,263217604#0,31
8180.0,48794890,38
8180.0,506322844#0,6
8180.0,668037874,1
8180.0,:cluster_2528018119_655375236_14,1
8200.0,263217604#0,31
8200.0,48794890,38
8200.0,506322844#0,6
8200.0,668037874,1
8220.0,263217604#0,31
8220.0,48794890,38
8220.0,506322844#0,6
8220.0,668037874,1
8240.0,263217604#0,31
8240.0,48794890,38
8240.0,506322844#0,6
8240.0,668037874,1
8260.0,196961377#0,1
8260.0,263217604#0,31
8260.0,48794890,37
8260.0,506322844#0,6
8260.0,668037874,1
8280.0,263217604#0,31
8280.0,48794890,37
8280.0,506322844#0,6
8280.0,668037874,1
8300.0,263217604#0,31
8300.0,48794890,37
8300.0,506322844#0,6
8300.0,668037874,1
8320.0,263217604#0,31
8320.0,48794890,38
8320.0,506322844#0,6
8320.0,668037874,1
8340.0,263217604#0,31
8340.0,48794890,38
8340.0,506322844#0,6
8340.0,668037874,1
8360.0,263217604#0,31
8360.0,48794890,38
8360.0,506322844#0,6
8360.0,668037874,1
8380.0,263217604#0,31
8380.0,48794890,38
8380.0,506322844#0,6
8380.0,668037874,1
8400.0,263217604#0,30
8400.0,48794890,38
8400.0,506322844#0,6
8400.0,668037874,1
8420.0,263217604#0,30
8420.0,48794890,38
8420.0,506322844#0,6
8420.0,668037874,1
8440.0,263217604#0,30
8440.0,48794890,38
8440.0,506322844#0,6
8440.0,668037874,1
8460.0,-300077497#5,1
8460.0,263217604#0,31
8460.0,48794890,38
8460.0,506322844#0,6
8460.0,668037874,1
8480.0,-300077497#5,1
8480.0,263217604#0,31
8480.0,48794890,38
8480.0,506322844#0,6
8480.0,668037874,1
8500.0,263217604#0,31
8500.0,48794890,38
8500.0,506322844#0,6
8500.0,668037874,1
8500.0,:cluster_2528018119_655375236_14,1
8520.0,263217604#0,31
8520.0,48794890,38
8520.0,506322844#0,6
8520.0,668037874,1
8540.0,263217604#0,31
8540.0,48794890,38
8540.0,506322844#0,6
8540.0,668037874,1
8560.0,263217604#0,31
8560.0,48794890,38
8560.0,506322844#0,6
8560.0,668037874,1
8580.0,263217604#0,31
8580.0,48794890,37
8580.0,506322844#0,6
8580.0,668037874,1
8600.0,263217604#0,31
8600.0,48794890,37
8600.0,506322844#0,6
8600.0,668037874,1
8620.0,263217604#0,31
8620.0,48794890,38
8620.0,506322844#0,6
8620.0,668037874,1
8640.0,263217604#0,31
8640.0,48794890,38
8640.0,506322844#0,6
8640.0,668037874,1
8660.0,263217604#0,31
8660.0,48794890,38
8660.0,506322844#0,6
8660.0,668037874,1
8680.0,263217604#0,31
8680.0,48794890,38
8680.0,506322844#0,6
8680.0,668037874,1
8700.0,263217604#0,30
8700.0,303647015#0,1
8700.0,48794890,38
8700.0,506322844#0,6
8700.0,668037874,1
8720.0,263217604#0,30
8720.0,48794890,38
8720.0,506322844#0,6
8720.0,668037874,1
8740.0,263217604#0,31
8740.0,48794890,38
8740.0,506322844#0,6
8740.0,668037874,1
8760.0,263217604#0,31
8760.0,48794890,38
8760.0,506322844#0,6
8760.0,668037874,1
8780.0,263217604#0,31
8780.0,48794890,38
8780.0,506322844#0,6
8780.0,668037874,1
8800.0,263217604#0,31
8800.0,48794890,38
8800.0,506322844#0,6
8800.0,668037874,1
8820.0,263217604#0,31
8820.0,48794890,38
8820.0,506322844#0,6
8820.0,668037874,1
8840.0,263217604#0,31
8840.0,48794890,38
8840.0,506322844#0,6
8840.0,668037874,1
8860.0,263217604#0,31
8860.0,48794890,38
8860.0,506322844#0,6
8860.0,668037874,1
8880.0,196961377#0,1
8880.0,263217604#0,31
8880.0,48794890,37
8880.0,506322844#0,6
8880.0,668037874,1
8900.0,263217604#0,31
8900.0,48794890,37
8900.0,506322844#0,6
8900.0,668037874,1
8920.0,263217604#0,31
8920.0,48794890,38
8920.0,506322844#0,6
8920.0,668037874,1
8940.0,263217604#0,31
8940.0,48794890,38
8940.0,506322844#0,6
8940.0,668037874,1
8960.0,263217604#0,31
8960.0,48794890,38
8960.0,506322844#0,6
8960.0,668037874,1
8980.0,263217604#0,31
8980.0,48794890,38
8980.0,506322844#0,6
8980.0,668037874,1
9000.0,263217604#0,30
9000.0,303647015#0,1
9000.0,48794890,38
9000.0,506322844#0,6
9000.0,668037874,1
9020.0,263217604#0,30
9020.0,48794890,38
9020.0,506322844#0,6
9020.0,668037874,1
9040.0,263217604#0,31
9040.0,48794890,38
9040.0,506322844#0,6
9040.0,668037874,1
9060.0,263217604#0,31
9060.0,48794890,38
9060.0,506322844#0,6
9060.0,668037874,1
9080.0,263217604#0,31
9080.0,48794890,38
9080.0,506322844#0,6
9080.0,668037874,1
9100.0,263217604#0,31
9100.0,48794890,38
9100.0,506322844#0,6
9100.0,668037874,1
9120.0,263217604#0,31
9120.0,48794890,38
9120.0,506322844#0,6
9120.0,668037874,1
9140.0,263217604#0,31
9140.0,48794890,38
9140.0,506322844#0,6
9140.0,668037874,1
9160.0,263217604#0,31
9160.0,48794890,38
9160.0,506322844#0,6
9160.0,668037874,1
9180.0,196961377#0,1
9180.0,263217604#0,31
9180.0,48794890,37
9180.0,506322844#0,6
9180.0,668037874,1
9200.0,263217604#0,31
9200.0,48794890,37
9200.0,506322844#0,6
9200.0,668037874,1
9220.0,263217604#0,31
9220.0,48794890,38
9220.0,506322844#0,6
9220.0,668037874,1
9240.0,263217604#0,31
9240.0,48794890,38
9240.0,506322844#0,6
9240.0,668037874,1
9260.0,263217604#0,31
9260.0,48794890,38
9260.0,506322844#0,6
9260.0,668037874,1
9280.0,263217604#0,31
9280.0,48794890,38
9280.0,506322844#0,6
9280.0,668037874,1
9300.0,263217604#0,31
9300.0,48794890,38
9300.0,506322844#0,6
9300.0,668037874,1
9320.0,263217604#0,30
9320.0,48794890,38
9320.0,506322844#0,6
9320.0,668037874,1
9340.0,263217604#0,31
9340.0,48794890,38
9340.0,506322844#0,4
9340.0,668037874,1
9360.0,263217604#0,31
9360.0,48794890,38
9360.0,506322844#0,6
9360.0,668037874,1
9380.0,-300077497#5,2
9380.0,263217604#0,31
9380.0,48794890,38
9380.0,506322844#0,5
9380.0,668037874,1
9400.0,-300077497#5,2
9400.0,263217604#0,31
9400.0,48794890,38
9400.0,506322844#0,6
9400.0,668037874,1
9420.0,-300077497#5,1
9420.0,263217604#0,31
9420.0,48794890,38
9420.0,506322844#0,6
9420.0,668037874,1
9420.0,:cluster_2528018119_655375236_14,1
9440.0,263217604#0,31
9440.0,48794890,38
9440.0,506322844#0,6
9440.0,668037874,1
9460.0,263217604#0,31
9460.0,48794890,38
9460.0,506322844#0,6
9460.0,668037874,1
9480.0,196961377#0,1
9480.0,263217604#0,31
9480.0,48794890,37
9480.0,506322844#0,6
9480.0,668037874,1
9500.0,263217604#0,31
9500.0,48794890,37
9500.0,506322844#0,6
9500.0,668037874,1
9520.0,263217604#0,31
9520.0,48794890,37
9520.0,506322844#0,6
9520.0,668037874,1
9540.0,263217604#0,31
9540.0,48794890,38
9540.0,506322844#0,6
9540.0,668037874,1
9560.0,263217604#0,31
9560.0,48794890,38
9560.0,506322844#0,6
9560.0,668037874,1
9580.0,263217604#0,31
9580.0,48794890,38
9580.0,506322844#0,6
9580.0,668037874,1
9600.0,263217604#0,31
9600.0,48794890,38
9600.0,506322844#0,6
9600.0,668037874,1
9620.0,263217604#0,30
9620.0,303647015#0,1
9620.0,48794890,38
9620.0,506322844#0,6
9620.0,668037874,1
9640.0,263217604#0,30
9640.0,48794890,38
9640.0,506322844#0,6
9640.0,668037874,1
9660.0,263217604#0,31
9660.0,48794890,38
9660.0,506322844#0,6
9660.0,668037874,1
9680.0,263217604#0,31
9680.0,48794890,38
9680.0,506322844#0,6
9680.0,668037874,1
9700.0,263217604#0,31
9700.0,48794890,38
9700.0,506322844#0,6
9700.0,668037874,1
9720.0,263217604#0,31
9720.0,48794890,38
9720.0,506322844#0,6
9720.0,668037874,1
9740.0,263217604#0,31
9740.0,48794890,38
9740.0,506322844#0,6
9740.0,668037874,1
9760.0,263217604#0,31
9760.0,48794890,38
9760.0,506322844#0,6
9760.0,668037874,1
9780.0,263217604#0,31
9780.0,48794890,37
9780.0,506322844#0,6
9780.0,668037874,2
9800.0,263217604#0,31
9800.0,48794890,37
9800.0,506322844#0,6
9800.0,668037874,1
9820.0,263217604#0,31
9820.0,48794890,37
9820.0,506322844#0,6
9820.0,668037874,1
9840.0,263217604#0,31
9840.0,48794890,38
9840.0,506322844#0,6
9840.0,668037874,1
9860.0,263217604#0,31
9860.0,48794890,38
9860.0,506322844#0,6
9860.0,668037874,1
9880.0,263217604#0,31
9880.0,48794890,38
9880.0,506322844#0,6
9880.0,668037874,1
9900.0,263217604#0,31
9900.0,48794890,38
9900.0,506322844#0,6
9900.0,668037874,1
9920.0,263217604#0,30
9920.0,303647015#0,1
9920.0,48794890,38
9920.0,506322844#0,6
9920.0,668037874,1
9940.0,263217604#0,30
9940.0,48794890,38
9940.0,506322844#0,6
9940.0,668037874,1
9960.0,263217604#0,31
9960.0,48794890,38
9960.0,506322844#0,3
9960.0,668037874,1
9960.0,:655375239_2,1
9980.0,263217604#0,31
9980.0,48794890,38
9980.0,506322844#0,6
9980.0,668037874,1
9980.0,:cluster_2528018119_655375236_14,1
10000.0,263217604#0,31
10000.0,48794890,38
10000.0,506322844#0,6
10000.0,668037874,1
10020.0,263217604#0,31
10020.0,48794890,38
10020.0,506322844#0,6
10020.0,668037874,1
10040.0,263217604#0,31
10040.0,48794890,38
10040.0,506322844#0,6
10040.0,668037874,1
10060.0,263217604#0,31
10060.0,48794890,38
10060.0,506322844#0,6
10060.0,668037874,1
10080.0,263217604#0,31
10080.0,48794890,38
10080.0,506322844#0,6
10080.0,668037874,1
10100.0,263217604#0,31
10100.0,48794890,37
10100.0,506322844#0,6
10100.0,668037874,1
10120.0,263217604#0,31
10120.0,48794890,37
10120.0,506322844#0,6
10120.0,668037874,1
10140.0,263217604#0,31
10140.0,48794890,38
10140.0,506322844#0,6
10140.0,668037874,1
10160.0,263217604#0,31
10160.0,48794890,38
10160.0,506322844#0,6
10160.0,668037874,1
10180.0,263217604#0,31
10180.0,48794890,38
10180.0,506322844#0,6
10180.0,668037874,1
10200.0,263217604#0,31
10200.0,48794890,38
10200.0,506322844#0,6
10200.0,668037874,1
10220.0,263217604#0,30
10220.0,48794890,38
10220.0,506322844#0,6
10220.0,668037874,1
10240.0,263217604#0,30
10240.0,48794890,38
10240.0,506322844#0,6
10240.0,668037874,1
10260.0,263217604#0,30
10260.0,48794890,38
10260.0,506322844#0,6
10260.0,668037874,1
10280.0,263217604#0,31
10280.0,48794890,38
10280.0,506322844#0,6
10280.0,668037874,1
10300.0,263217604#0,31
10300.0,48794890,38
10300.0,506322844#0,6
10300.0,668037874,1
10320.0,263217604#0,31
10320.0,48794890,38
10320.0,506322844#0,6
10320.0,668037874,1
10340.0,263217604#0,31
10340.0,48794890,38
10340.0,506322844#0,6
10340.0,668037874,1
10360.0,263217604#0,31
10360.0,48794890,38
10360.0,506322844#0,6
10360.0,668037874,1
10380.0,263217604#0,31
10380.0,48794890,38
10380.0,506322844#0,6
10380.0,668037874,1
10400.0,196961377#0,1
10400.0,263217604#0,31
10400.0,48794890,37
10400.0,506322844#0,6
10400.0,668037874,1
10420.0,263217604#0,31
10420.0,48794890,37
10420.0,506322844#0,6
10420.0,668037874,1
10440.0,263217604#0,31
10440.0,48794890,38
10440.0,506322844#0,6
10440.0,668037874,1
10460.0,263217604#0,31
10460.0,48794890,38
10460.0,506322844#0,6
10460.0,668037874,1
10480.0,263217604#0,31
10480.0,48794890,38
10480.0,506322844#0,6
10480.0,668037874,1
10500.0,263217604#0,31
10500.0,48794890,38
10500.0,506322844#0,6
10500.0,668037874,1
10520.0,263217604#0,30
10520.0,360843888,1
10520.0,48794890,38
10520.0,506322844#0,6
10520.0,668037874,1
10540.0,263217604#0,30
10540.0,48794890,38
10540.0,506322844#0,6
10540.0,668037874,1
10560.0,263217604#0,30
10560.0,48794890,38
10560.0,506322844#0,6
10560.0,668037874,1
10580.0,263217604#0,31
10580.0,48794890,38
10580.0,506322844#0,5
10580.0,668037874,1
10600.0,263217604#0,31
10600.0,48794890,38
10600.0,506322844#0,6
10600.0,668037874,1
10620.0,263217604#0,31
10620.0,48794890,38
10620.0,506322844#0,6
10620.0,668037874,1
10640.0,263217604#0,31
10640.0,48794890,38
10640.0,506322844#0,6
10640.0,668037874,1
10660.0,263217604#0,31
10660.0,48794890,38
10660.0,506322844#0,6
10660.0,668037874,1
10680.0,263217604#0,31
10680.0,48794890,38
10680.0,506322844#0,6
10680.0,668037874,1
10700.0,196961377#0,1
10700.0,263217604#0,31
10700.0,48794890,37
10700.0,506322844#0,6
10700.0,668037874,1
10720.0,263217604#0,31
10720.0,48794890,37
10720.0,506322844#0,6
10720.0,668037874,1
10740.0,263217604#0,31
10740.0,48794890,37
10740.0,506322844#0,6
10740.0,668037874,1
10760.0,263217604#0,31
10760.0,48794890,38
10760.0,506322844#0,6
10760.0,668037874,1
10780.0,263217604#0,31
10780.0,48794890,38
10780.0,506322844#0,6
10780.0,668037874,1
10800.0,263217604#0,31
10800.0,48794890,38
10800.0,506322844#0,6
10800.0,668037874,1
10820.0,263217604#0,31
10820.0,48794890,38
10820.0,506322844#0,6
10820.0,668037874,1
10840.0,263217604#0,30
10840.0,48794890,38
10840.0,506322844#0,6
10840.0,668037874,1
10860.0,263217604#0,30
10860.0,48794890,38
10860.0,506322844#0,6
10860.0,668037874,1
10880.0,263217604#0,31
10880.0,48794890,38
10880.0,506322844#0,5
10880.0,668037874,1
10900.0,-300077497#5,1
10900.0,263217604#0,31
10900.0,48794890,38
10900.0,506322844#0,5
10900.0,668037874,1
10920.0,-300077497#5,1
10920.0,263217604#0,31
10920.0,48794890,38
10920.0,506322844#0,6
10920.0,668037874,1
10940.0,263217604#0,31
10940.0,48794890,38
10940.0,506322844#0,6
10940.0,668037874,1
10940.0,:cluster_2528018119_655375236_14,1
10960.0,263217604#0,31
10960.0,48794890,38
10960.0,506322844#0,6
10960.0,668037874,1
10980.0,263217604#0,31
10980.0,48794890,38
10980.0,506322844#0,6
10980.0,668037874,1
11000.0,196961377#0,1
11000.0,263217604#0,31
11000.0,48794890,37
11000.0,506322844#0,6
11000.0,668037874,1
11020.0,263217604#0,31
11020.0,48794890,37
11020.0,506322844#0,6
11020.0,668037874,1
11040.0,263217604#0,31
11040.0,48794890,37
11040.0,506322844#0,6
11040.0,668037874,1
11060.0,263217604#0,31
11060.0,48794890,38
11060.0,506322844#0,6
11060.0,668037874,1
11080.0,263217604#0,31
11080.0,48794890,38
11080.0,506322844#0,6
11080.0,668037874,1
11100.0,263217604#0,31
11100.0,48794890,38
11100.0,506322844#0,6
11100.0,668037874,1
11120.0,263217604#0,31
11120.0,48794890,38
11120.0,506322844#0,6
11120.0,668037874,1
11140.0,263217604#0,30
11140.0,48794890,38
11140.0,506322844#0,6
11140.0,668037874,1
11160.0,263217604#0,30
11160.0,48794890,38
11160.0,506322844#0,6
11160.0,668037874,1
11180.0,263217604#0,31
11180.0,48794890,38
11180.0,506322844#0,6
11180.0,668037874,1
11200.0,263217604#0,31
11200.0,48794890,38
11200.0,506322844#0,6
11200.0,668037874,1
11220.0,263217604#0,31
11220.0,48794890,38
11220.0,506322844#0,6
11220.0,668037874,1
11240.0,263217604#0,31
11240.0,48794890,38
11240.0,506322844#0,6
11240.0,668037874,1
11260.0,263217604#0,31
11260.0,48794890,38
11260.0,506322844#0,6
11260.0,668037874,1
11280.0,263217604#0,31
11280.0,48794890,38
11280.0,506322844#0,6
11280.0,668037874,1
11300.0,263217604#0,31
11300.0,48794890,38
11300.0,506322844#0,6
11300.0,668037874,1
11320.0,196961377#0,1
11320.0,263217604#0,31
11320.0,48794890,37
11320.0,506322844#0,6
11320.0,668037874,1
11340.0,263217604#0,31
11340.0,48794890,37
11340.0,506322844#0,6
11340.0,668037874,1
11360.0,263217604#0,31
11360.0,48794890,38
11360.0,506322844#0,6
11360.0,668037874,1
11380.0,263217604#0,31
11380.0,48794890,38
11380.0,506322844#0,6
11380.0,668037874,1
11400.0,263217604#0,31
11400.0,48794890,38
11400.0,506322844#0,6
11400.0,668037874,1
11420.0,263217604#0,31
11420.0,48794890,38
11420.0,506322844#0,6
11420.0,668037874,1
11440.0,263217604#0,30
11440.0,48794890,38
11440.0,506322844#0,6
11440.0,668037874,1
11460.0,263217604#0,30
11460.0,48794890,38
11460.0,506322844#0,6
11460.0,668037874,1
11480.0,263217604#0,31
11480.0,48794890,38
11480.0,506322844#0,5
11480.0,668037874,1
11500.0,263217604#0,31
11500.0,48794890,38
11500.0,506322844#0,6
11500.0,668037874,1
11520.0,263217604#0,31
11520.0,48794890,38
11520.0,506322844#0,6
11520.0,668037874,1
11540.0,263217604#0,31
11540.0,48794890,38
11540.0,506322844#0,6
11540.0,668037874,1
11560.0,263217604#0,31
11560.0,48794890,38
11560.0,506322844#0,6
11560.0,668037874,1
11580.0,263217604#0,31
11580.0,48794890,38
11580.0,506322844#0,6
11580.0,668037874,1
11600.0,263217604#0,31
11600.0,48794890,38
11600.0,506322844#0,6
11600.0,668037874,1
11620.0,196961377#0,1
11620.0,263217604#0,31
11620.0,48794890,37
11620.0,506322844#0,6
11620.0,668037874,1
11640.0,263217604#0,31
11640.0,48794890,37
11640.0,506322844#0,6
11640.0,668037874,1
11660.0,263217604#0,31
11660.0,48794890,38
11660.0,506322844#0,6
11660.0,668037874,1
11680.0,263217604#0,31
11680.0,48794890,38
11680.0,506322844#0,6
11680.0,668037874,1
11700.0,263217604#0,31
11700.0,48794890,38
11700.0,506322844#0,6
11700.0,668037874,1
11720.0,263217604#0,31
11720.0,48794890,38
11720.0,506322844#0,6
11720.0,668037874,1
11740.0,263217604#0,30
11740.0,303647015#0,1
11740.0,48794890,38
11740.0,506322844#0,6
11740.0,668037874,1
11760.0,263217604#0,30
11760.0,48794890,38
11760.0,506322844#0,6
11760.0,668037874,1
11780.0,263217604#0,31
11780.0,48794890,38
11780.0,506322844#0,5
11780.0,668037874,1
11800.0,263217604#0,31
11800.0,48794890,38
11800.0,506322844#0,6
11800.0,668037874,1
11820.0,263217604#0,31
11820.0,48794890,38
11820.0,506322844#0,6
11820.0,668037874,1
11840.0,263217604#0,31
11840.0,48794890,38
11840.0,506322844#0,6
11840.0,668037874,1
11860.0,263217604#0,31
11860.0,48794890,38
11860.0,506322844#0,6
11860.0,668037874,1
11880.0,263217604#0,31
11880.0,48794890,38
11880.0,506322844#0,6
11880.0,668037874,1
11900.0,263217604#0,31
11900.0,48794890,38
11900.0,506322844#0,6
11900.0,668037874,1
11920.0,196961377#0,1
11920.0,263217604#0,31
11920.0,48794890,37
11920.0,506322844#0,6
11920.0,668037874,1
11940.0,263217604#0,31
11940.0,48794890,37
11940.0,506322844#0,6
11940.0,668037874,1
11960.0,263217604#0,31
11960.0,48794890,37
11960.0,506322844#0,6
11960.0,668037874,1
11980.0,263217604#0,31
11980.0,48794890,38
11980.0,506322844#0,6
11980.0,668037874,1
12000.0,263217604#0,31
12000.0,48794890,38
12000.0,506322844#0,6
12000.0,668037874,1
12020.0,263217604#0,31
12020.0,48794890,38
12020.0,506322844#0,6
12020.0,668037874,1
12040.0,263217604#0,31
12040.0,48794890,38
12040.0,506322844#0,6
12040.0,668037874,1
12060.0,263217604#0,30
12060.0,48794890,38
12060.0,506322844#0,6
12060.0,668037874,1
12080.0,263217604#0,30
12080.0,48794890,38
12080.0,506322844#0,6
12080.0,668037874,1
12100.0,263217604#0,31
12100.0,48794890,38
12100.0,506322844#0,6
12100.0,668037874,1
12120.0,263217604#0,31
12120.0,48794890,38
12120.0,506322844#0,6
12120.0,668037874,1
12140.0,263217604#0,31
12140.0,48794890,38
12140.0,506322844#0,6
12140.0,668037874,1
12160.0,263217604#0,31
12160.0,48794890,38
12160.0,506322844#0,6
12160.0,668037874,1
12180.0,263217604#0,31
12180.0,48794890,38
12180.0,506322844#0,6
12180.0,668037874,1
12200.0,263217604#0,31
12200.0,48794890,38
12200.0,506322844#0,6
12200.0,668037874,1
12220.0,196961377#0,1
12220.0,263217604#0,31
12220.0,48794890,37
12220.0,506322844#0,6
12220.0,668037874,1
12240.0,263217604#0,31
12240.0,48794890,37
12240.0,506322844#0,6
12240.0,668037874,1
12260.0,263217604#0,31
12260.0,48794890,37
12260.0,506322844#0,6
12260.0,668037874,1
12280.0,263217604#0,31
12280.0,48794890,38
12280.0,506322844#0,6
12280.0,668037874,1
12300.0,263217604#0,31
12300.0,48794890,38
12300.0,506322844#0,6
12300.0,668037874,1
12320.0,263217604#0,31
12320.0,48794890,38
12320.0,506322844#0,6
12320.0,668037874,1
12340.0,263217604#0,31
12340.0,48794890,38
12340.0,506322844#0,6
12340.0,668037874,1
12360.0,263217604#0,30
12360.0,303647015#0,1
12360.0,48794890,38
12360.0,506322844#0,6
12360.0,668037874,1
12380.0,263217604#0,30
12380.0,48794890,38
12380.0,506322844#0,6
12380.0,668037874,1
12400.0,263217604#0,31
12400.0,48794890,38
12400.0,506322844#0,5
12400.0,668037874,1
12420.0,263217604#0,31
12420.0,48794890,38
12420.0,506322844#0,6
12420.0,668037874,1
12440.0,263217604#0,31
12440.0,48794890,38
12440.0,506322844#0,6
12440.0,668037874,1
12460.0,263217604#0,31
12460.0,48794890,38
12460.0,506322844#0,6
12460.0,668037874,1
12480.0,263217604#0,31
12480.0,48794890,38
12480.0,506322844#0,6
12480.0,668037874,1
12500.0,263217604#0,31
12500.0,48794890,38
12500.0,506322844#0,6
12500.0,668037874,1
12520.0,263217604#0,31
12520.0,48794890,38
12520.0,506322844#0,6
12520.0,668037874,1
12540.0,196961377#0,1
12540.0,263217604#0,31
12540.0,48794890,37
12540.0,506322844#0,6
12540.0,668037874,1
12560.0,263217604#0,31
12560.0,48794890,37
12560.0,506322844#0,6
12560.0,668037874,1
12580.0,263217604#0,31
12580.0,48794890,38
12580.0,506322844#0,6
12580.0,668037874,1
12600.0,263217604#0,31
12600.0,48794890,38
12600.0,506322844#0,6
12600.0,668037874,1
12620.0,263217604#0,31
12620.0,48794890,38
12620.0,506322844#0,6
12620.0,668037874,1
12640.0,263217604#0,31
12640.0,48794890,38
12640.0,506322844#0,6
12640.0,668037874,1
12660.0,263217604#0,30
12660.0,303647015#0,1
12660.0,48794890,38
12660.0,506322844#0,6
12660.0,668037874,1
12680.0,263217604#0,30
12680.0,48794890,38
12680.0,506322844#0,6
12680.0,668037874,1
12700.0,263217604#0,31
12700.0,48794890,38
12700.0,506322844#0,5
12700.0,668037874,1
12720.0,-300077497#5,3
12720.0,263217604#0,31
12720.0,48794890,38
12720.0,506322844#0,5
12720.0,668037874,1
12740.0,-300077497#5,2
12740.0,263217604#0,31
12740.0,48794890,38
12740.0,506322844#0,6
12740.0,668037874,1
12740.0,:cluster_2528018119_655375236_14,1
12760.0,263217604#0,31
12760.0,48794890,38
12760.0,506322844#0,6
12760.0,668037874,1
12780.0,263217604#0,31
12780.0,48794890,38
12780.0,506322844#0,6
12780.0,668037874,1
12800.0,263217604#0,31
12800.0,48794890,38
12800.0,506322844#0,6
12800.0,668037874,1
12820.0,263217604#0,31
12820.0,48794890,38
12820.0,506322844#0,6
12820.0,668037874,1
12840.0,196961377#0,1
12840.0,263217604#0,31
12840.0,48794890,37
12840.0,506322844#0,6
12840.0,668037874,1
12860.0,263217604#0,31
12860.0,48794890,37
12860.0,506322844#0,6
12860.0,668037874,1
12880.0,263217604#0,31
12880.0,48794890,38
12880.0,506322844#0,6
12880.0,668037874,1
12900.0,263217604#0,31
12900.0,48794890,38
12900.0,506322844#0,6
12900.0,668037874,1
12920.0,263217604#0,31
12920.0,48794890,38
12920.0,506322844#0,6
12920.0,668037874,1
12940.0,263217604#0,31
12940.0,48794890,38
12940.0,506322844#0,6
12940.0,668037874,1
12960.0,263217604#0,30
12960.0,303647015#0,1
12960.0,48794890,38
12960.0,506322844#0,6
12960.0,668037874,1
12980.0,263217604#0,30
12980.0,48794890,38
12980.0,506322844#0,6
12980.0,668037874,1
13000.0,263217604#0,31
13000.0,48794890,38
13000.0,506322844#0,5
13000.0,668037874,1
13020.0,263217604#0,31
13020.0,48794890,38
13020.0,506322844#0,6
13020.0,668037874,1
13040.0,263217604#0,31
13040.0,48794890,38
13040.0,506322844#0,6
13040.0,668037874,1
13060.0,263217604#0,31
13060.0,48794890,38
13060.0,506322844#0,6
13060.0,668037874,1
13080.0,263217604#0,31
13080.0,48794890,38
13080.0,506322844#0,6
13080.0,668037874,1
13100.0,263217604#0,31
13100.0,48794890,38
13100.0,506322844#0,6
13100.0,668037874,1
13120.0,263217604#0,31
13120.0,48794890,38
13120.0,506322844#0,6
13120.0,668037874,1
13140.0,196961377#0,1
13140.0,263217604#0,31
13140.0,48794890,37
13140.0,506322844#0,6
13140.0,668037874,1
13160.0,263217604#0,31
13160.0,48794890,37
13160.0,506322844#0,6
13160.0,668037874,1
13180.0,263217604#0,31
13180.0,48794890,37
13180.0,506322844#0,6
13180.0,668037874,1
13200.0,263217604#0,31
13200.0,48794890,38
13200.0,506322844#0,6
13200.0,668037874,1
13220.0,263217604#0,31
13220.0,48794890,38
13220.0,506322844#0,6
13220.0,668037874,1
13240.0,263217604#0,31
13240.0,48794890,38
13240.0,506322844#0,6
13240.0,668037874,1
13260.0,263217604#0,31
13260.0,48794890,38
13260.0,506322844#0,6
13260.0,668037874,1
13280.0,263217604#0,30
13280.0,48794890,38
13280.0,506322844#0,6
13280.0,668037874,1
13300.0,263217604#0,30
13300.0,48794890,38
13300.0,506322844#0,4
13300.0,668037874,1
13300.0,:655375239_3,1
13320.0,-300077497#5,2
13320.0,263217604#0,31
13320.0,48794890,38
13320.0,506322844#0,6
13320.0,668037874,1
13340.0,-300077497#5,1
13340.0,263217604#0,31
13340.0,48794890,38
13340.0,506322844#0,6
13340.0,668037874,1
13340.0,:cluster_2528018119_655375236_14,1
13360.0,263217604#0,31
13360.0,48794890,38
13360.0,506322844#0,6
13360.0,668037874,1
13380.0,263217604#0,31
13380.0,48794890,38
13380.0,506322844#0,6
13380.0,668037874,1
13400.0,263217604#0,31
13400.0,48794890,38
13400.0,506322844#0,6
13400.0,668037874,1
13420.0,263217604#0,31
13420.0,48794890,38
13420.0,506322844#0,6
13420.0,668037874,1
13440.0,263217604#0,31
13440.0,48794890,37
13440.0,506322844#0,6
13440.0,668037874,2
13460.0,263217604#0,31
13460.0,48794890,37
13460.0,506322844#0,6
13460.0,668037874,1
13480.0,263217604#0,31
13480.0,48794890,37
13480.0,506322844#0,6
13480.0,668037874,1
13500.0,263217604#0,31
13500.0,48794890,38
13500.0,506322844#0,6
13500.0,668037874,1
13520.0,263217604#0,31
13520.0,48794890,38
13520.0,506322844#0,6
13520.0,668037874,1
13540.0,263217604#0,31
13540.0,48794890,38
13540.0,506322844#0,6
13540.0,668037874,1
13560.0,263217604#0,31
13560.0,48794890,38
13560.0,506322844#0,6
13560.0,668037874,1
13580.0,263217604#0,30
13580.0,303647015#0,1
13580.0,48794890,38
13580.0,506322844#0,6
13580.0,668037874,1
13600.0,263217604#0,30
13600.0,48794890,38
13600.0,506322844#0,6
13600.0,668037874,1
13620.0,-300077497#8,1
13620.0,263217604#0,31
13620.0,48794890,38
13620.0,506322844#0,4
13620.0,668037874,1
13640.0,-300077497#5,1
13640.0,263217604#0,31
13640.0,48794890,38
13640.0,506322844#0,6
13640.0,668037874,1
13660.0,263217604#0,31
13660.0,48794890,38
13660.0,506322844#0,6
13660.0,668037874,1
13660.0,:cluster_2528018119_655375236_14,1
13680.0,263217604#0,31
13680.0,48794890,38
13680.0,506322844#0,6
13680.0,668037874,1
13700.0,263217604#0,31
13700.0,48794890,38
13700.0,506322844#0,6
13700.0,668037874,1
13720.0,263217604#0,31
13720.0,48794890,38
13720.0,506322844#0,6
13720.0,668037874,1
13740.0,263217604#0,31
13740.0,48794890,38
13740.0,506322844#0,6
13740.0,668037874,1
13760.0,263217604#0,31
13760.0,48794890,37
13760.0,506322844#0,6
13760.0,668037874,1
13780.0,263217604#0,31
13780.0,48794890,37
13780.0,506322844#0,6
13780.0,668037874,1
13800.0,263217604#0,31
13800.0,48794890,38
13800.0,506322844#0,6
13800.0,668037874,1
13820.0,263217604#0,31
13820.0,48794890,38
13820.0,506322844#0,6
13820.0,668037874,1
13840.0,263217604#0,31
13840.0,48794890,38
13840.0,506322844#0,6
13840.0,668037874,1
13860.0,263217604#0,31
13860.0,48794890,38
13860.0,506322844#0,6
13860.0,668037874,1
13880.0,263217604#0,29
13880.0,48794890,38
13880.0,506322844#0,6
13880.0,594658757#0,1
13880.0,594658760#0,1
13880.0,668037874,1
13900.0,263217604#0,29
13900.0,48794890,38
13900.0,506322844#0,6
13900.0,668037874,1
13920.0,263217604#0,29
13920.0,48794890,38
13920.0,506322844#0,6
13920.0,668037874,1
13940.0,263217604#0,31
13940.0,48794890,38
13940.0,506322844#0,6
13940.0,668037874,1
13960.0,263217604#0,31
13960.0,48794890,38
13960.0,506322844#0,6
13960.0,668037874,1
13980.0,263217604#0,31
13980.0,48794890,38
13980.0,506322844#0,6
13980.0,668037874,1
14000.0,263217604#0,31
14000.0,48794890,38
14000.0,506322844#0,6
14000.0,668037874,1
14020.0,263217604#0,31
14020.0,48794890,38
14020.0,506322844#0,6
14020.0,668037874,1
14040.0,263217604#0,31
14040.0,48794890,38
14040.0,506322844#0,6
14040.0,668037874,1
14060.0,196961377#0,1
14060.0,263217604#0,31
14060.0,48794890,37
14060.0,506322844#0,6
14060.0,668037874,1
14080.0,263217604#0,31
14080.0,48794890,37
14080.0,506322844#0,6
14080.0,668037874,1
14100.0,263217604#0,31
14100.0,48794890,38
14100.0,506322844#0,6
14100.0,668037874,1
14120.0,263217604#0,31
14120.0,48794890,38
14120.0,506322844#0,6
14120.0,668037874,1
14140.0,263217604#0,31
14140.0,48794890,38
14140.0,506322844#0,6
14140.0,668037874,1
14160.0,263217604#0,31
14160.0,48794890,38
14160.0,506322844#0,6
14160.0,668037874,1
14180.0,263217604#0,30
14180.0,303647015#0,1
14180.0,48794890,38
14180.0,506322844#0,6
14180.0,668037874,1
14200.0,263217604#0,28
14200.0,48794890,38
14200.0,506322844#0,6
14200.0,594658760#0,2
14200.0,668037874,1
14220.0,263217604#0,28
14220.0,48794890,38
14220.0,506322844#0,6
14220.0,668037874,1
14240.0,263217604#0,30
14240.0,48794890,38
14240.0,506322844#0,3
14240.0,668037874,1
14240.0,:655375239_3,1
14260.0,-300077497#5,3
14260.0,-300077497#8,1
14260.0,263217604#0,31
14260.0,48794890,38
14260.0,506322844#0,2
14260.0,668037874,1
14280.0,-300077497#5,1
14280.0,182334378#0,1
14280.0,263217604#0,31
14280.0,48794890,38
14280.0,506322844#0,6
14280.0,668037874,1
14300.0,-300077497#5,1
14300.0,263217604#0,31
14300.0,48794890,38
14300.0,506322844#0,6
14300.0,668037874,1
14320.0,263217604#0,31
14320.0,48794890,38
14320.0,506322844#0,6
14320.0,668037874,1
14340.0,263217604#0,31
14340.0,48794890,38
14340.0,506322844#0,6
14340.0,668037874,1
14360.0,196961377#0,1
14360.0,263217604#0,31
14360.0,48794890,37
14360.0,506322844#0,6
14360.0,668037874,1
14380.0,263217604#0,31
14380.0,48794890,37
14380.0,506322844#0,6
14380.0,668037874,1
14400.0,263217604#0,31
14400.0,48794890,38
14400.0,506322844#0,6
14400.0,668037874,1
14420.0,263217604#0,31
14420.0,48794890,38
14420.0,506322844#0,6
14420.0,668037874,1
14440.0,263217604#0,31
14440.0,48794890,38
14440.0,506322844#0,6
14440.0,668037874,1
14460.0,263217604#0,31
14460.0,48794890,38
14460.0,506322844#0,6
14460.0,668037874,1
14480.0,263217604#0,31
14480.0,48794890,38
14480.0,506322844#0,6
14480.0,668037874,1
14500.0,263217604#0,30
14500.0,303647015#0,1
14500.0,48794890,38
14500.0,506322844#0,6
14500.0,668037874,1
14520.0,263217604#0,30
14520.0,48794890,38
14520.0,506322844#0,6
14520.0,668037874,1
14540.0,263217604#0,30
14540.0,48794890,38
14540.0,506322844#0,5
14540.0,668037874,1
14540.0,:655375239_3,1
14560.0,-300077497#5,2
14560.0,263217604#0,31
14560.0,48794890,38
14560.0,506322844#0,6
14560.0,668037874,1
14580.0,-300077497#5,2
14580.0,263217604#0,31
14580.0,48794890,38
14580.0,506322844#0,6
14580.0,668037874,1
14600.0,263217604#0,31
14600.0,48794890,38
14600.0,506322844#0,6
14600.0,668037874,1
14620.0,263217604#0,31
14620.0,48794890,38
14620.0,506322844#0,6
14620.0,668037874,1
14640.0,263217604#0,31
14640.0,48794890,38
14640.0,506322844#0,6
14640.0,668037874,1
14660.0,196961377#0,1
14660.0,263217604#0,31
14660.0,48794890,37
14660.0,506322844#0,6
14660.0,668037874,1
14680.0,263217604#0,31
14680.0,48794890,37
14680.0,506322844#0,6
14680.0,668037874,1
14700.0,263217604#0,31
14700.0,48794890,37
14700.0,506322844#0,6
14700.0,668037874,1
14720.0,263217604#0,31
14720.0,48794890,38
14720.0,506322844#0,6
14720.0,668037874,1
14740.0,263217604#0,31
14740.0,48794890,38
14740.0,506322844#0,6
14740.0,668037874,1
14760.0,263217604#0,31
14760.0,48794890,38
14760.0,506322844#0,6
14760.0,668037874,1
14780.0,263217604#0,31
14780.0,48794890,38
14780.0,506322844#0,6
14780.0,668037874,1
14800.0,263217604#0,30
14800.0,48794890,38
14800.0,506322844#0,6
14800.0,594658757#0,1
14800.0,668037874,1
14820.0,263217604#0,30
14820.0,48794890,38
14820.0,506322844#0,6
14820.0,668037874,1
14840.0,263217604#0,30
14840.0,48794890,38
14840.0,506322844#0,6
14840.0,668037874,1
14860.0,263217604#0,30
14860.0,48794890,38
14860.0,506322844#0,5
14860.0,594658760#0,1
14860.0,668037874,1
14880.0,263217604#0,30
14880.0,48794890,38
14880.0,506322844#0,6
14880.0,668037874,1
14900.0,263217604#0,31
14900.0,48794890,38
14900.0,506322844#0,4
14900.0,668037874,1
14920.0,263217604#0,31
14920.0,48794890,38
14920.0,506322844#0,6
14920.0,668037874,1
14940.0,263217604#0,31
14940.0,48794890,38
14940.0,506322844#0,6
14940.0,668037874,1
14960.0,263217604#0,31
14960.0,48794890,38
14960.0,506322844#0,6
14960.0,668037874,1
14980.0,263217604#0,31
14980.0,48794890,37
14980.0,506322844#0,6
14980.0,668037874,1
15000.0,263217604#0,31
15000.0,48794890,37
15000.0,506322844#0,6
15000.0,668037874,1
15020.0,263217604#0,31
15020.0,48794890,38
15020.0,506322844#0,6
15020.0,668037874,1
15040.0,263217604#0,31
15040.0,48794890,38
15040.0,506322844#0,6
15040.0,668037874,1
15060.0,263217604#0,31
15060.0,48794890,38
15060.0,506322844#0,6
15060.0,668037874,1
15080.0,263217604#0,31
15080.0,48794890,38
15080.0,506322844#0,6
15080.0,668037874,1
15100.0,263217604#0,31
15100.0,48794890,38
15100.0,506322844#0,6
15100.0,668037874,1
15120.0,263217604#0,31
15120.0,48794890,38
15120.0,506322844#0,6
15120.0,668037874,1
15140.0,263217604#0,31
15140.0,48794890,38
15140.0,506322844#0,6
15140.0,668037874,1
15160.0,263217604#0,30
15160.0,48794890,38
15160.0,506322844#0,6
15160.0,594658757#0,1
15160.0,668037874,1
15180.0,263217604#0,30
15180.0,48794890,38
15180.0,506322844#0,6
15180.0,668037874,1
15200.0,263217604#0,26
15200.0,48794890,38
15200.0,506322844#0,6
15200.0,594658760#0,4
15200.0,668037874,1
15220.0,263217604#0,27
15220.0,48794890,38
15220.0,506322844#0,6
15220.0,668037874,1
15240.0,263217604#0,27
15240.0,48794890,38
15240.0,506322844#0,5
15240.0,668037874,1
15240.0,:655375239_3,1
15260.0,-300077497#5,1
15260.0,-300077497#8,1
15260.0,263217604#0,30
15260.0,48794890,38
15260.0,506322844#0,3
15260.0,668037874,1
15280.0,-300077497#5,4
15280.0,196961377#0,1
15280.0,263217604#0,31
15280.0,48794890,37
15280.0,506322844#0,3
15280.0,668037874,1
15300.0,-300077497#5,4
15300.0,263217604#0,31
15300.0,48794890,37
15300.0,506322844#0,6
15300.0,668037874,1
15320.0,182334378#0,3
15320.0,263217604#0,31
15320.0,48794890,38
15320.0,506322844#0,6
15320.0,668037874,1
15320.0,:cluster_2528018119_655375236_26,1
15340.0,263217604#0,31
15340.0,48794890,38
15340.0,506322844#0,6
15340.0,668037874,1
15360.0,263217604#0,31
15360.0,48794890,38
15360.0,506322844#0,6
15360.0,668037874,1
15380.0,263217604#0,31
15380.0,48794890,38
15380.0,506322844#0,6
15380.0,668037874,1
15400.0,263217604#0,31
15400.0,48794890,38
15400.0,506322844#0,6
15400.0,668037874,1
15420.0,263217604#0,31
15420.0,48794890,38
15420.0,506322844#0,6
15420.0,668037874,1
15440.0,263217604#0,31
15440.0,48794890,38
15440.0,506322844#0,6
15440.0,668037874,1
15460.0,263217604#0,31
15460.0,48794890,38
15460.0,506322844#0,6
15460.0,668037874,1
15480.0,263217604#0,31
15480.0,48794890,38
15480.0,506322844#0,6
15480.0,668037874,1
15500.0,263217604#0,31
15500.0,48794890,38
15500.0,506322844#0,6
15500.0,668037874,1
15520.0,244450512#4,1
15520.0,263217604#0,30
15520.0,48794890,38
15520.0,506322844#0,6
15520.0,668037874,1
15540.0,263217604#0,30
15540.0,48794890,38
15540.0,506322844#0,6
15540.0,668037874,1
15560.0,263217604#0,31
15560.0,48794890,38
15560.0,506322844#0,3
15560.0,668037874,1
15560.0,:655375239_2,1
15580.0,-300077497#5,2
15580.0,196961377#0,1
15580.0,263217604#0,31
15580.0,48794890,37
15580.0,506322844#0,6
15580.0,668037874,1
15600.0,182334378#0,2
15600.0,263217604#0,31
15600.0,48794890,37
15600.0,506322844#0,6
15600.0,668037874,1
15620.0,263217604#0,31
15620.0,48794890,37
15620.0,506322844#0,6
15620.0,668037874,1
15640.0,263217604#0,31
15640.0,48794890,38
15640.0,506322844#0,6
15640.0,668037874,1
15660.0,263217604#0,31
15660.0,48794890,38
15660.0,506322844#0,6
15660.0,668037874,1
15680.0,263217604#0,31
15680.0,48794890,38
15680.0,506322844#0,6
15680.0,668037874,1
15700.0,263217604#0,31
15700.0,48794890,38
15700.0,506322844#0,6
15700.0,668037874,1
15720.0,263217604#0,31
15720.0,48794890,38
15720.0,506322844#0,6
15720.0,668037874,1
15740.0,263217604#0,31
15740.0,48794890,38
15740.0,506322844#0,6
15740.0,668037874,1
15760.0,263217604#0,31
15760.0,48794890,38
15760.0,506322844#0,6
15760.0,668037874,1
15780.0,263217604#0,31
15780.0,48794890,38
15780.0,506322844#0,6
15780.0,668037874,1
15800.0,263217604#0,31
15800.0,48794890,38
15800.0,506322844#0,6
15800.0,668037874,1
15820.0,263217604#0,30
15820.0,48794890,38
15820.0,506322844#0,6
15820.0,594658757#0,1
15820.0,668037874,1
15840.0,263217604#0,30
15840.0,48794890,38
15840.0,506322844#0,6
15840.0,668037874,1
15860.0,263217604#0,31
15860.0,48794890,38
15860.0,506322844#0,6
15860.0,668037874,1
15880.0,196961377#0,1
15880.0,263217604#0,31
15880.0,48794890,37
15880.0,506322844#0,6
15880.0,668037874,1
15900.0,263217604#0,31
15900.0,48794890,37
15900.0,506322844#0,6
15900.0,668037874,1
15920.0,263217604#0,31
15920.0,48794890,37
15920.0,506322844#0,6
15920.0,668037874,1
15940.0,263217604#0,31
15940.0,48794890,38
15940.0,506322844#0,6
15940.0,668037874,1
15960.0,263217604#0,31
15960.0,48794890,38
15960.0,506322844#0,6
15960.0,668037874,1
15980.0,263217604#0,31
15980.0,48794890,38
15980.0,506322844#0,6
15980.0,668037874,1
16000.0,263217604#0,31
16000.0,48794890,38
16000.0,506322844#0,6
16000.0,668037874,1
16020.0,263217604#0,31
16020.0,48794890,38
16020.0,506322844#0,6
16020.0,668037874,1
16040.0,263217604#0,31
16040.0,48794890,38
16040.0,506322844#0,6
16040.0,668037874,1
16060.0,263217604#0,31
16060.0,48794890,38
16060.0,506322844#0,6
16060.0,668037874,1
16080.0,263217604#0,31
16080.0,48794890,38
16080.0,506322844#0,6
16080.0,668037874,1
16100.0,263217604#0,31
16100.0,48794890,38
16100.0,506322844#0,6
16100.0,668037874,1
16120.0,263217604#0,30
16120.0,48794890,38
16120.0,506322844#0,6
16120.0,594658757#0,1
16120.0,668037874,1
16140.0,263217604#0,30
16140.0,48794890,38
16140.0,506322844#0,6
16140.0,668037874,1
16160.0,263217604#0,31
16160.0,48794890,38
16160.0,506322844#0,6
16160.0,668037874,1
16180.0,263217604#0,31
16180.0,48794890,38
16180.0,506322844#0,6
16180.0,668037874,1
16200.0,263217604#0,31
16200.0,48794890,37
16200.0,506322844#0,6
16200.0,668037874,1
16220.0,263217604#0,31
16220.0,48794890,37
16220.0,506322844#0,6
16220.0,668037874,1
16240.0,263217604#0,31
16240.0,48794890,38
16240.0,506322844#0,6
16240.0,668037874,1
16260.0,263217604#0,31
16260.0,48794890,38
16260.0,506322844#0,6
16260.0,668037874,1
16280.0,263217604#0,31
16280.0,48794890,38
16280.0,506322844#0,6
16280.0,668037874,1
16300.0,263217604#0,31
16300.0,48794890,38
16300.0,506322844#0,6
16300.0,668037874,1
16320.0,263217604#0,31
16320.0,48794890,38
16320.0,506322844#0,6
16320.0,668037874,1
16340.0,263217604#0,31
16340.0,48794890,38
16340.0,506322844#0,6
16340.0,668037874,1
16360.0,263217604#0,31
16360.0,48794890,38
16360.0,506322844#0,6
16360.0,668037874,1
16380.0,263217604#0,31
16380.0,48794890,38
16380.0,506322844#0,6
16380.0,668037874,1
16400.0,263217604#0,31
16400.0,48794890,38
16400.0,506322844#0,6
16400.0,668037874,1
16420.0,263217604#0,30
16420.0,48794890,38
16420.0,506322844#0,6
16420.0,594658757#0,1
16420.0,668037874,1
16440.0,263217604#0,30
16440.0,48794890,38
16440.0,506322844#0,6
16440.0,668037874,1
16460.0,263217604#0,31
16460.0,48794890,38
16460.0,506322844#0,4
16460.0,668037874,1
16480.0,263217604#0,30
16480.0,48794890,38
16480.0,506322844#0,6
16480.0,594658760#0,1
16480.0,668037874,1
16500.0,196961377#0,1
16500.0,263217604#0,29
16500.0,48794890,37
16500.0,506322844#0,6
16500.0,668037874,1
16520.0,263217604#0,29
16520.0,48794890,37
16520.0,506322844#0,6
16520.0,668037874,1
16540.0,-300077497#5,1
16540.0,263217604#0,31
16540.0,48794890,38
16540.0,506322844#0,3
16540.0,668037874,1
16560.0,182334378#0,1
16560.0,263217604#0,31
16560.0,48794890,38
16560.0,506322844#0,6
16560.0,668037874,1
16580.0,263217604#0,31
16580.0,48794890,38
16580.0,506322844#0,6
16580.0,668037874,1
16600.0,263217604#0,31
16600.0,48794890,38
16600.0,506322844#0,6
16600.0,668037874,1
16620.0,263217604#0,31
16620.0,48794890,38
16620.0,506322844#0,6
16620.0,668037874,1
16640.0,263217604#0,31
16640.0,48794890,38
16640.0,506322844#0,6
16640.0,668037874,1
16660.0,263217604#0,31
16660.0,48794890,38
16660.0,506322844#0,6
16660.0,668037874,1
16680.0,263217604#0,31
16680.0,48794890,38
16680.0,506322844#0,6
16680.0,668037874,1
16700.0,263217604#0,31
16700.0,48794890,38
16700.0,506322844#0,6
16700.0,668037874,1
16720.0,263217604#0,31
16720.0,48794890,38
16720.0,506322844#0,6
16720.0,668037874,1
16740.0,263217604#0,31
16740.0,48794890,38
16740.0,506322844#0,6
16740.0,668037874,1
16760.0,263217604#0,31
16760.0,48794890,38
16760.0,506322844#0,6
16760.0,668037874,1
16780.0,263217604#0,31
16780.0,48794890,38
16780.0,506322844#0,6
16780.0,668037874,1
16800.0,196961377#0,1
16800.0,263217604#0,30
16800.0,48794890,37
16800.0,506322844#0,6
16800.0,668037874,1
16820.0,263217604#0,30
16820.0,48794890,37
16820.0,506322844#0,6
16820.0,668037874,1
16840.0,263217604#0,30
16840.0,48794890,37
16840.0,506322844#0,6
16840.0,668037874,1
16860.0,263217604#0,31
16860.0,48794890,38
16860.0,506322844#0,6
16860.0,668037874,1
16880.0,263217604#0,31
16880.0,48794890,38
16880.0,506322844#0,6
16880.0,668037874,1
16900.0,263217604#0,31
16900.0,48794890,38
16900.0,506322844#0,6
16900.0,668037874,1
16920.0,263217604#0,31
16920.0,48794890,38
16920.0,506322844#0,6
16920.0,668037874,1
16940.0,263217604#0,31
16940.0,48794890,38
16940.0,506322844#0,6
16940.0,668037874,1
16960.0,263217604#0,31
16960.0,48794890,38
16960.0,506322844#0,6
16960.0,668037874,1
16980.0,263217604#0,31
16980.0,48794890,38
16980.0,506322844#0,6
16980.0,668037874,1
17000.0,263217604#0,31
17000.0,48794890,38
17000.0,506322844#0,6
17000.0,668037874,1
17020.0,263217604#0,31
17020.0,48794890,38
17020.0,506322844#0,6
17020.0,668037874,1
17040.0,263217604#0,31
17040.0,48794890,38
17040.0,506322844#0,6
17040.0,668037874,1
17060.0,263217604#0,31
17060.0,48794890,38
17060.0,506322844#0,6
17060.0,668037874,1
17080.0,263217604#0,31
17080.0,48794890,38
17080.0,506322844#0,6
17080.0,668037874,1
17100.0,263217604#0,30
17100.0,48794890,38
17100.0,506322844#0,6
17100.0,594658757#0,1
17100.0,668037874,1
17120.0,263217604#0,30
17120.0,48794890,37
17120.0,506322844#0,6
17120.0,668037874,1
17140.0,263217604#0,31
17140.0,48794890,37
17140.0,506322844#0,6
17140.0,668037874,1
17160.0,263217604#0,31
17160.0,48794890,38
17160.0,506322844#0,4
17160.0,668037874,1
17160.0,:655375239_2,1
17180.0,-300077497#5,1
17180.0,263217604#0,31
17180.0,48794890,38
17180.0,506322844#0,6
17180.0,668037874,1
17200.0,182334378#0,1
17200.0,263217604#0,31
17200.0,48794890,38
17200.0,506322844#0,6
17200.0,668037874,1
17220.0,263217604#0,31
17220.0,48794890,38
17220.0,506322844#0,6
17220.0,668037874,1
17240.0,263217604#0,31
17240.0,48794890,38
17240.0,506322844#0,6
17240.0,668037874,1
17260.0,263217604#0,31
17260.0,48794890,38
17260.0,506322844#0,6
17260.0,668037874,1
17280.0,263217604#0,31
17280.0,48794890,38
17280.0,506322844#0,6
17280.0,668037874,1
17300.0,263217604#0,31
17300.0,48794890,38
17300.0,506322844#0,6
17300.0,668037874,1
17320.0,263217604#0,31
17320.0,48794890,38
17320.0,506322844#0,6
17320.0,668037874,1
17340.0,263217604#0,31
17340.0,48794890,38
17340.0,506322844#0,6
17340.0,668037874,1
17360.0,263217604#0,31
17360.0,48794890,38
17360.0,506322844#0,6
17360.0,668037874,1
17380.0,263217604#0,31
17380.0,48794890,38
17380.0,506322844#0,6
17380.0,668037874,1
17400.0,263217604#0,30
17400.0,48794890,38
17400.0,506322844#0,6
17400.0,594658757#0,1
17400.0,668037874,1
17420.0,196961377#0,1
17420.0,263217604#0,30
17420.0,48794890,37
17420.0,506322844#0,6
17420.0,668037874,1
17440.0,263217604#0,31
17440.0,48794890,37
17440.0,506322844#0,5
17440.0,668037874,1
17460.0,263217604#0,30
17460.0,48794890,38
17460.0,506322844#0,6
17460.0,594658760#0,1
17460.0,668037874,1
17480.0,263217604#0,30
17480.0,48794890,38
17480.0,506322844#0,6
17480.0,668037874,1
17500.0,263217604#0,30
17500.0,48794890,38
17500.0,506322844#0,6
17500.0,668037874,1
17520.0,263217604#0,31
17520.0,48794890,38
17520.0,506322844#0,6
17520.0,668037874,1
17540.0,263217604#0,31
17540.0,48794890,38
17540.0,506322844#0,6
17540.0,668037874,1
17560.0,263217604#0,31
17560.0,48794890,38
17560.0,506322844#0,6
17560.0,668037874,1
17580.0,263217604#0,31
17580.0,48794890,38
17580.0,506322844#0,6
17580.0,668037874,1
17600.0,263217604#0,31
17600.0,48794890,38
17600.0,506322844#0,6
17600.0,668037874,1
17620.0,263217604#0,31
17620.0,48794890,38
17620.0,506322844#0,6
17620.0,668037874,1
17640.0,263217604#0,31
17640.0,48794890,38
17640.0,506322844#0,6
17640.0,668037874,1
17660.0,263217604#0,31
17660.0,48794890,38
17660.0,506322844#0,6
17660.0,668037874,1
17680.0,263217604#0,31
17680.0,48794890,38
17680.0,506322844#0,6
17680.0,668037874,1
17700.0,263217604#0,31
17700.0,48794890,38
17700.0,506322844#0,6
17700.0,668037874,1
17720.0,196961377#0,1
17720.0,263217604#0,31
17720.0,48794890,37
17720.0,506322844#0,6
17720.0,668037874,1
17740.0,263217604#0,31
17740.0,48794890,37
17740.0,506322844#0,6
17740.0,668037874,1
17760.0,263217604#0,30
17760.0,48794890,37
17760.0,506322844#0,6
17760.0,594658757#0,1
17760.0,668037874,1
17780.0,263217604#0,29
17780.0,48794890,38
17780.0,506322844#0,6
17780.0,594658760#0,1
17780.0,668037874,1
17800.0,263217604#0,30
17800.0,48794890,38
17800.0,506322844#0,5
17800.0,668037874,1
17820.0,263217604#0,30
17820.0,48794890,38
17820.0,506322844#0,6
17820.0,668037874,1
17840.0,263217604#0,31
17840.0,48794890,38
17840.0,506322844#0,6
17840.0,668037874,1
17860.0,263217604#0,31
17860.0,48794890,38
17860.0,506322844#0,6
17860.0,668037874,1
17880.0,263217604#0,31
17880.0,48794890,38
17880.0,506322844#0,6
17880.0,668037874,1
17900.0,263217604#0,31
17900.0,48794890,38
17900.0,506322844#0,6
17900.0,668037874,1
17920.0,263217604#0,31
17920.0,48794890,38
17920.0,506322844#0,6
17920.0,668037874,1
17940.0,263217604#0,31
17940.0,48794890,38
17940.0,506322844#0,6
17940.0,668037874,1
17960.0,263217604#0,31
17960.0,48794890,38
17960.0,506322844#0,6
17960.0,668037874,1
17980.0,263217604#0,31
17980.0,48794890,38
17980.0,506322844#0,6
17980.0,668037874,1
18000.0,263217604#0,31
18000.0,48794890,38
18000.0,506322844#0,6
18000.0,668037874,1
18020.0,196961377#0,1
18020.0,263217604#0,31
18020.0,48794890,37
18020.0,506322844#0,6
18020.0,668037874,1
18040.0,263217604#0,31
18040.0,48794890,37
18040.0,506322844#0,6
18040.0,668037874,1
18060.0,263217604#0,31
18060.0,48794890,37
18060.0,506322844#0,6
18060.0,668037874,1
18080.0,263217604#0,30
18080.0,48794890,38
18080.0,506322844#0,6
18080.0,594658757#0,1
18080.0,668037874,1
18100.0,263217604#0,30
18100.0,48794890,38
18100.0,506322844#0,6
18100.0,668037874,1
18120.0,263217604#0,29
18120.0,48794890,38
18120.0,506322844#0,6
18120.0,594658760#0,1
18120.0,668037874,1
18140.0,-300077497#5,1
18140.0,263217604#0,30
18140.0,48794890,38
18140.0,506322844#0,3
18140.0,668037874,1
18160.0,182334378#0,1
18160.0,263217604#0,30
18160.0,48794890,38
18160.0,506322844#0,3
18160.0,668037874,1
18180.0,263217604#0,31
18180.0,48794890,38
18180.0,506322844#0,1
18180.0,668037874,1
18200.0,263217604#0,31
18200.0,48794890,38
18200.0,506322844#0,1
18200.0,668037874,1
18220.0,-300077497#5,1
18220.0,263217604#0,31
18220.0,48794890,38
18220.0,668037874,1
18240.0,182334378#0,1
18240.0,263217604#0,31
18240.0,48794890,38
18240.0,668037874,1
18260.0,263217604#0,31
18260.0,48794890,38
18260.0,668037874,1
18280.0,263217604#0,31
18280.0,48794890,38
18280.0,668037874,1
18300.0,263217604#0,31
18300.0,48794890,38
18300.0,668037874,1
18320.0,263217604#0,31
18320.0,48794890,38
18320.0,668037874,1
18340.0,263217604#0,31
18340.0,48794890,37
18340.0,668037874,1
18360.0,263217604#0,31
18360.0,48794890,37
18360.0,668037874,1
18380.0,263217604#0,31
18380.0,48794890,38
18380.0,668037874,1
18400.0,263217604#0,31
18400.0,48794890,38
18400.0,668037874,1
18420.0,263217604#0,30
18420.0,48794890,38
18420.0,594658757#0,1
18420.0,668037874,1
18440.0,263217604#0,30
18440.0,48794890,38
18440.0,668037874,1
18460.0,263217604#0,30
18460.0,48794890,38
18460.0,668037874,1
18480.0,263217604#0,30
18480.0,48794890,38
18480.0,668037874,1
18500.0,263217604#0,30
18500.0,48794890,38
18500.0,668037874,1
18520.0,263217604#0,30
18520.0,48794890,38
18520.0,668037874,1
18540.0,263217604#0,30
18540.0,48794890,38
18540.0,668037874,1
18560.0,263217604#0,30
18560.0,48794890,38
18560.0,668037874,1
18580.0,263217604#0,30
18580.0,48794890,38
18580.0,668037874,1
18600.0,263217604#0,30
18600.0,48794890,38
18600.0,668037874,1
18620.0,263217604#0,30
18620.0,48794890,38
18620.0,668037874,1
18640.0,196961377#0,1
18640.0,263217604#0,30
18640.0,48794890,37
18640.0,668037874,1
18660.0,263217604#0,30
18660.0,48794890,37
18660.0,668037874,1
18680.0,263217604#0,30
18680.0,48794890,38
18680.0,668037874,1
18700.0,263217604#0,30
18700.0,48794890,38
18700.0,668037874,1
18720.0,263217604#0,29
18720.0,48794890,38
18720.0,594658757#0,1
18720.0,668037874,1
18740.0,263217604#0,29
18740.0,48794890,38
18740.0,668037874,1
18760.0,263217604#0,29
18760.0,48794890,38
18760.0,668037874,1
18780.0,263217604#0,25
18780.0,48794890,38
18780.0,594658760#0,4
18780.0,668037874,1
18800.0,263217604#0,19
18800.0,48794890,38
18800.0,594658760#0,6
18800.0,668037874,1
18820.0,263217604#0,19
18820.0,48794890,38
18820.0,668037874,1
18840.0,263217604#0,19
18840.0,48794890,38
18840.0,668037874,1
18860.0,263217604#0,19
18860.0,48794890,38
18860.0,668037874,1
18880.0,263217604#0,19
18880.0,48794890,38
18880.0,668037874,1
18900.0,263217604#0,19
18900.0,48794890,38
18900.0,668037874,1
18920.0,263217604#0,19
18920.0,48794890,38
18920.0,668037874,1
18940.0,196961377#0,1
18940.0,263217604#0,19
18940.0,48794890,37
18940.0,668037874,1
18960.0,263217604#0,19
18960.0,48794890,37
18960.0,668037874,1
18980.0,263217604#0,19
18980.0,48794890,37
18980.0,668037874,1
19000.0,263217604#0,19
19000.0,48794890,38
19000.0,668037874,1
19020.0,263217604#0,19
19020.0,48794890,38
19020.0,668037874,1
19040.0,263217604#0,19
19040.0,48794890,38
19040.0,668037874,1
19060.0,263217604#0,19
19060.0,48794890,38
19060.0,668037874,1
19080.0,263217604#0,19
19080.0,48794890,38
19080.0,668037874,1
19100.0,263217604#0,19
19100.0,48794890,38
19100.0,668037874,1
19120.0,263217604#0,18
19120.0,48794890,38
19120.0,668037874,1
19140.0,263217604#0,14
19140.0,48794890,38
19140.0,594658760#0,4
19140.0,668037874,1
19160.0,263217604#0,14
19160.0,48794890,38
19160.0,668037874,1
19180.0,263217604#0,14
19180.0,48794890,38
19180.0,668037874,1
19200.0,263217604#0,14
19200.0,48794890,38
19200.0,668037874,1
19220.0,263217604#0,14
19220.0,48794890,38
19220.0,668037874,1
19240.0,263217604#0,14
19240.0,48794890,38
19240.0,668037874,1
19260.0,263217604#0,14
19260.0,48794890,37
19260.0,668037874,1
19280.0,263217604#0,14
19280.0,48794890,37
19280.0,668037874,1
19300.0,263217604#0,14
19300.0,48794890,38
19300.0,668037874,1
19320.0,263217604#0,14
19320.0,48794890,38
19320.0,668037874,1
19340.0,263217604#0,14
19340.0,48794890,38
19340.0,668037874,1
19360.0,263217604#0,14
19360.0,48794890,38
19360.0,668037874,1
19380.0,263217604#0,14
19380.0,48794890,38
19380.0,668037874,1
19400.0,263217604#0,14
19400.0,48794890,38
19400.0,668037874,1
19420.0,263217604#0,14
19420.0,48794890,38
19420.0,668037874,1
19440.0,263217604#0,13
19440.0,48794890,38
19440.0,594658757#0,1
19440.0,668037874,1
19460.0,263217604#0,13
19460.0,48794890,38
19460.0,668037874,1
19480.0,263217604#0,13
19480.0,48794890,38
19480.0,668037874,1
19500.0,263217604#0,13
19500.0,48794890,38
19500.0,668037874,1
19520.0,263217604#0,13
19520.0,48794890,38
19520.0,668037874,1
19540.0,263217604#0,13
19540.0,48794890,38
19540.0,668037874,1
19560.0,263217604#0,13
19560.0,48794890,37
19560.0,668037874,1
19580.0,263217604#0,13
19580.0,48794890,37
19580.0,668037874,1
19600.0,263217604#0,13
19600.0,48794890,38
19600.0,668037874,1
19620.0,263217604#0,13
19620.0,48794890,38
19620.0,668037874,1
19640.0,263217604#0,13
19640.0,48794890,38
19640.0,668037874,1
19660.0,263217604#0,13
19660.0,48794890,38
19660.0,668037874,1
19680.0,263217604#0,13
19680.0,48794890,38
19680.0,668037874,1
19700.0,263217604#0,13
19700.0,48794890,38
19700.0,668037874,1
19720.0,263217604#0,13
19720.0,48794890,38
19720.0,668037874,1
19740.0,263217604#0,13
19740.0,48794890,38
19740.0,668037874,1
19760.0,263217604#0,12
19760.0,48794890,38
19760.0,668037874,1
19780.0,263217604#0,12
19780.0,48794890,38
19780.0,668037874,1
19800.0,263217604#0,10
19800.0,48794890,38
19800.0,594658760#0,2
19800.0,668037874,1
19820.0,263217604#0,10
19820.0,48794890,38
19820.0,668037874,1
19840.0,263217604#0,10
19840.0,48794890,38
19840.0,668037874,1
19860.0,196961377#0,1
19860.0,263217604#0,10
19860.0,48794890,37
19860.0,668037874,1
19880.0,263217604#0,10
19880.0,48794890,37
19880.0,668037874,1
19900.0,263217604#0,10
19900.0,48794890,38
19900.0,668037874,1
19920.0,263217604#0,10
19920.0,48794890,38
19920.0,668037874,1
19940.0,263217604#0,10
19940.0,48794890,38
19940.0,668037874,1
19960.0,263217604#0,10
19960.0,48794890,38
19960.0,668037874,1
19980.0,263217604#0,10
19980.0,48794890,38
19980.0,668037874,1
20000.0,263217604#0,10
20000.0,48794890,38
20000.0,668037874,1
20020.0,263217604#0,10
20020.0,48794890,38
20020.0,668037874,1
20040.0,263217604#0,10
20040.0,48794890,38
20040.0,668037874,1
20060.0,263217604#0,10
20060.0,48794890,38
20060.0,668037874,1
20080.0,263217604#0,10
20080.0,48794890,38
20080.0,668037874,1
20100.0,263217604#0,10
20100.0,48794890,38
20100.0,668037874,1
20120.0,263217604#0,9
20120.0,48794890,38
20120.0,668037874,1
20140.0,263217604#0,9
20140.0,48794890,38
20140.0,668037874,1
20160.0,196961377#0,1
20160.0,263217604#0,7
20160.0,48794890,37
20160.0,594658760#0,1
20160.0,668037874,1
20180.0,263217604#0,7
20180.0,48794890,37
20180.0,668037874,1
20200.0,263217604#0,7
20200.0,48794890,37
20200.0,668037874,1
20220.0,263217604#0,7
20220.0,48794890,38
20220.0,668037874,1
20240.0,263217604#0,7
20240.0,48794890,38
20240.0,668037874,1
20260.0,263217604#0,7
20260.0,48794890,38
20260.0,668037874,1
20280.0,263217604#0,7
20280.0,48794890,38
20280.0,668037874,1
20300.0,263217604#0,7
20300.0,48794890,38
20300.0,668037874,1
20320.0,263217604#0,7
20320.0,48794890,38
20320.0,668037874,1
20340.0,263217604#0,7
20340.0,48794890,38
20340.0,668037874,1
20360.0,263217604#0,7
20360.0,48794890,38
20360.0,668037874,1
20380.0,263217604#0,7
20380.0,48794890,38
20380.0,668037874,1
20400.0,263217604#0,7
20400.0,48794890,38
20400.0,668037874,1
20420.0,263217604#0,7
20420.0,48794890,38
20420.0,668037874,1
20440.0,263217604#0,7
20440.0,48794890,38
20440.0,668037874,1
20460.0,263217604#0,6
20460.0,48794890,38
20460.0,594658757#0,1
20460.0,668037874,1
20480.0,263217604#0,6
20480.0,48794890,37
20480.0,668037874,1
20500.0,263217604#0,5
20500.0,48794890,37
20500.0,594658760#0,1
20500.0,668037874,1
20520.0,263217604#0,5
20520.0,48794890,38
20520.0,668037874,1
20540.0,263217604#0,5
20540.0,48794890,38
20540.0,668037874,1
20560.0,263217604#0,5
20560.0,48794890,38
20560.0,668037874,1
20580.0,263217604#0,5
20580.0,48794890,38
20580.0,668037874,1
20600.0,263217604#0,5
20600.0,48794890,38
20600.0,668037874,1
20620.0,263217604#0,5
20620.0,48794890,38
20620.0,668037874,1
20640.0,263217604#0,5
20640.0,48794890,38
20640.0,668037874,1
20660.0,263217604#0,5
20660.0,48794890,38
20660.0,668037874,1
20680.0,263217604#0,5
20680.0,48794890,38
20680.0,668037874,1
20700.0,263217604#0,5
20700.0,48794890,38
20700.0,668037874,1
20720.0,263217604#0,5
20720.0,48794890,38
20720.0,668037874,1
20740.0,263217604#0,5
20740.0,48794890,38
20740.0,668037874,1
20760.0,263217604#0,5
20760.0,48794890,38
20760.0,668037874,1
20780.0,196961377#0,1
20780.0,263217604#0,5
20780.0,48794890,37
20780.0,668037874,1
20800.0,263217604#0,4
20800.0,360843888,1
20800.0,48794890,37
20800.0,668037874,1
20820.0,244450512#4,1
20820.0,263217604#0,4
20820.0,48794890,38
20820.0,668037874,1
20840.0,244450512#5,1
20840.0,263217604#0,2
20840.0,48794890,38
20840.0,594658760#0,1
20840.0,668037874,1
20840.0,:655375401_0,1
20860.0,244450512#5,1
20860.0,263217604#0,2
20860.0,48794890,38
20860.0,668037874,1
20880.0,263217604#0,2
20880.0,48794890,38
20880.0,668037874,1
20900.0,263217604#0,2
20900.0,48794890,38
20900.0,668037874,1
20920.0,263217604#0,2
20920.0,48794890,38
20920.0,668037874,1
20940.0,263217604#0,2
20940.0,48794890,38
20940.0,668037874,1
20960.0,263217604#0,2
20960.0,48794890,38
20960.0,668037874,1
20980.0,263217604#0,2
20980.0,48794890,38
20980.0,668037874,1
21000.0,263217604#0,2
21000.0,48794890,38
21000.0,668037874,1
21020.0,263217604#0,2
21020.0,48794890,38
21020.0,668037874,1
21040.0,263217604#0,2
21040.0,48794890,38
21040.0,668037874,1
21060.0,263217604#0,2
21060.0,48794890,38
21060.0,668037874,1
21080.0,196961377#0,1
21080.0,263217604#0,2
21080.0,48794890,37
21080.0,668037874,1
21100.0,263217604#0,2
21100.0,48794890,37
21100.0,668037874,1
21120.0,263217604#0,2
21120.0,48794890,38
21120.0,668037874,1
21140.0,263217604#0,2
21140.0,48794890,38
21140.0,668037874,1
21160.0,48794890,38
21160.0,594658760#0,1
21160.0,668037874,1
21180.0,48794890,38
21180.0,668037874,1
21200.0,48794890,38
21200.0,668037874,1
21220.0,48794890,38
21220.0,668037874,1
21240.0,48794890,38
21240.0,668037874,1
21260.0,48794890,38
21260.0,668037874,1
21280.0,48794890,38
21280.0,668037874,1
21300.0,48794890,38
21300.0,668037874,1
21320.0,48794890,38
21320.0,668037874,1
21340.0,48794890,38
21340.0,668037874,1
21360.0,48794890,38
21360.0,668037874,1
21380.0,196961377#0,1
21380.0,48794890,37
21380.0,668037874,1
21400.0,48794890,37
21400.0,668037874,1
21420.0,48794890,37
21420.0,668037874,1
21440.0,48794890,38
21440.0,668037874,1
21460.0,48794890,38
21460.0,668037874,1
21480.0,48794890,38
21480.0,668037874,1
21500.0,48794890,38
21500.0,668037874,1
21520.0,48794890,38
21520.0,668037874,1
21540.0,48794890,38
21540.0,668037874,1
21560.0,48794890,38
21560.0,668037874,1
21580.0,48794890,38
21580.0,668037874,1
21600.0,48794890,38
21600.0,668037874,1
21620.0,48794890,38
21620.0,668037874,1
21640.0,48794890,38
21640.0,668037874,1
21660.0,48794890,38
21660.0,668037874,1
21680.0,48794890,37
21680.0,668037874,2
21700.0,48794890,37
21700.0,668037874,1
21720.0,48794890,37
21720.0,668037874,1
21740.0,48794890,38
21740.0,668037874,1
21760.0,48794890,38
21760.0,668037874,1
21780.0,48794890,38
21780.0,668037874,1
21800.0,48794890,38
21800.0,668037874,1
21820.0,48794890,38
21820.0,668037874,1
21840.0,48794890,38
21840.0,668037874,1
21860.0,48794890,38
21860.0,668037874,1
21880.0,48794890,38
21880.0,668037874,1
21900.0,48794890,38
21900.0,668037874,1
21920.0,48794890,38
21920.0,668037874,1
21940.0,48794890,38
21940.0,668037874,1
21960.0,48794890,38
21960.0,668037874,1
21980.0,48794890,38
21980.0,668037874,1
22000.0,196961377#0,1
22000.0,48794890,37
22000.0,668037874,1
22020.0,48794890,37
22020.0,668037874,1
22040.0,48794890,38
22040.0,668037874,1
22060.0,48794890,38
22060.0,668037874,1
22080.0,48794890,38
22080.0,668037874,1
22100.0,48794890,38
22100.0,668037874,1
22120.0,48794890,38
22120.0,668037874,1
22140.0,48794890,38
22140.0,668037874,1
22160.0,48794890,38
22160.0,668037874,1
22180.0,48794890,38
22180.0,668037874,1
22200.0,48794890,38
22200.0,668037874,1
22220.0,48794890,38
22220.0,668037874,1
22240.0,48794890,38
22240.0,668037874,1
22260.0,48794890,38
22260.0,668037874,1
22280.0,48794890,38
22280.0,668037874,1
22300.0,196961377#0,1
22300.0,48794890,37
22300.0,668037874,1
22320.0,48794890,37
22320.0,668037874,1
22340.0,48794890,38
22340.0,668037874,1
22360.0,48794890,38
22360.0,668037874,1
22380.0,48794890,38
22380.0,668037874,1
22400.0,48794890,38
22400.0,668037874,1
22420.0,48794890,38
22420.0,668037874,1
22440.0,48794890,38
22440.0,668037874,1
22460.0,48794890,38
22460.0,668037874,1
22480.0,48794890,38
22480.0,668037874,1
22500.0,48794890,38
22500.0,668037874,1
22520.0,48794890,38
22520.0,668037874,1
22540.0,48794890,38
22540.0,668037874,1
22560.0,48794890,38
22560.0,668037874,1
22580.0,48794890,38
22580.0,668037874,1
22600.0,196961377#0,1
22600.0,48794890,37
22600.0,668037874,1
22620.0,48794890,37
22620.0,668037874,1
22640.0,48794890,37
22640.0,668037874,1
22660.0,48794890,38
22660.0,668037874,1
22680.0,48794890,38
22680.0,668037874,1
22700.0,48794890,38
22700.0,668037874,1
22720.0,48794890,38
22720.0,668037874,1
22740.0,48794890,38
22740.0,668037874,1
22760.0,48794890,38
22760.0,668037874,1
22780.0,48794890,38
22780.0,668037874,1
22800.0,48794890,38
22800.0,668037874,1
22820.0,48794890,38
22820.0,668037874,1
22840.0,48794890,38
22840.0,668037874,1
22860.0,48794890,38
22860.0,668037874,1
22880.0,48794890,38
22880.0,668037874,1
22900.0,196961377#0,1
22900.0,48794890,38
22920.0,48794890,37
22920.0,668037874,1
22940.0,48794890,37
22940.0,668037874,1
22960.0,48794890,38
22960.0,668037874,1
22980.0,48794890,38
22980.0,668037874,1
23000.0,48794890,38
23000.0,668037874,1
23020.0,48794890,38
23020.0,668037874,1
23040.0,48794890,38
23040.0,668037874,1
23060.0,48794890,38
23060.0,668037874,1
23080.0,48794890,38
23080.0,668037874,1
23100.0,48794890,38
23100.0,668037874,1
23120.0,48794890,38
23120.0,668037874,1
23140.0,48794890,38
23140.0,668037874,1
23160.0,48794890,38
23160.0,668037874,1
23180.0,48794890,38
23180.0,668037874,1
23200.0,48794890,38
23200.0,668037874,1
23220.0,196961377#0,1
23220.0,48794890,37
23220.0,668037874,1
23240.0,48794890,37
23240.0,668037874,1
23260.0,48794890,38
23260.0,668037874,1
23280.0,48794890,38
23280.0,668037874,1
23300.0,48794890,38
23300.0,668037874,1
23320.0,48794890,38
23320.0,668037874,1
23340.0,48794890,38
23340.0,668037874,1
23360.0,48794890,38
23360.0,668037874,1
23380.0,48794890,38
23380.0,668037874,1
23400.0,48794890,38
23400.0,668037874,1
23420.0,48794890,38
23420.0,668037874,1
23440.0,48794890,38
23440.0,668037874,1
23460.0,48794890,38
23460.0,668037874,1
23480.0,48794890,38
23480.0,668037874,1
23500.0,48794890,38
23500.0,668037874,1
23520.0,196961377#0,1
23520.0,48794890,37
23520.0,668037874,1
23540.0,48794890,37
23540.0,668037874,1
23560.0,48794890,38
23560.0,668037874,1
23580.0,48794890,38
23580.0,668037874,1
23600.0,48794890,38
23600.0,668037874,1
23620.0,48794890,38
23620.0,668037874,1
23640.0,48794890,38
23640.0,668037874,1
23660.0,48794890,38
23660.0,668037874,1
23680.0,48794890,38
23680.0,668037874,1
23700.0,48794890,38
23700.0,668037874,1
23720.0,48794890,38
23720.0,668037874,1
23740.0,48794890,38
23740.0,668037874,1
23760.0,48794890,38
23760.0,668037874,1
23780.0,48794890,38
23780.0,668037874,1
23800.0,48794890,38
23800.0,668037874,1
23820.0,196961377#0,1
23820.0,48794890,37
23820.0,668037874,1
23840.0,48794890,37
23840.0,668037874,1
23860.0,48794890,37
23860.0,668037874,1
23880.0,48794890,38
23880.0,668037874,1
23900.0,48794890,38
23900.0,668037874,1
23920.0,48794890,38
23920.0,668037874,1
23940.0,48794890,38
23940.0,668037874,1
23960.0,48794890,38
23960.0,668037874,1
23980.0,48794890,38
23980.0,668037874,1
24000.0,48794890,38
24000.0,668037874,1
24020.0,48794890,38
24020.0,668037874,1
24040.0,48794890,38
24040.0,668037874,1
24060.0,48794890,38
24060.0,668037874,1
24080.0,48794890,38
24080.0,668037874,1
24100.0,48794890,38
24100.0,668037874,1
24120.0,48794890,38
24120.0,668037874,1
24140.0,48794890,37
24140.0,668037874,1
24160.0,48794890,37
24160.0,668037874,1
24180.0,48794890,38
24180.0,668037874,1
24200.0,48794890,38
24200.0,668037874,1
24220.0,48794890,38
24220.0,668037874,1
24240.0,48794890,38
24240.0,668037874,1
24260.0,48794890,38
24260.0,668037874,1
24280.0,48794890,38
24280.0,668037874,1
24300.0,48794890,38
24300.0,668037874,1
24320.0,48794890,38
24320.0,668037874,1
24340.0,48794890,38
24340.0,668037874,1
24360.0,48794890,38
24360.0,668037874,1
24380.0,48794890,38
24380.0,668037874,1
24400.0,48794890,38
24400.0,668037874,1
24420.0,48794890,38
24420.0,668037874,1
24440.0,196961377#0,1
24440.0,48794890,37
24440.0,668037874,1
24460.0,48794890,37
24460.0,668037874,1
24480.0,48794890,38
24480.0,668037874,1
24500.0,48794890,38
24500.0,668037874,1
24520.0,48794890,38
24520.0,668037874,1
24540.0,48794890,38
24540.0,668037874,1
24560.0,48794890,38
24560.0,668037874,1
24580.0,48794890,38
24580.0,668037874,1
24600.0,48794890,38
24600.0,668037874,1
24620.0,48794890,38
24620.0,668037874,1
24640.0,48794890,38
24640.0,668037874,1
24660.0,48794890,38
24660.0,668037874,1
24680.0,48794890,38
24680.0,668037874,1
24700.0,48794890,38
24700.0,668037874,1
24720.0,48794890,38
24720.0,668037874,1
24740.0,196961377#0,1
24740.0,48794890,37
24740.0,668037874,1
24760.0,48794890,37
24760.0,668037874,1
24780.0,48794890,37
24780.0,668037874,1
24800.0,48794890,38
24800.0,668037874,1
24820.0,48794890,38
24820.0,668037874,1
24840.0,48794890,38
24840.0,668037874,1
24860.0,48794890,38
24860.0,668037874,1
24880.0,48794890,38
24880.0,668037874,1
24900.0,48794890,38
24900.0,668037874,1
24920.0,48794890,38
24920.0,668037874,1
24940.0,48794890,38
24940.0,668037874,1
24960.0,48794890,38
24960.0,668037874,1
24980.0,48794890,38
24980.0,668037874,1
25000.0,48794890,38
25000.0,668037874,1
25020.0,48794890,38
25020.0,668037874,1
25040.0,196961377#0,1
25040.0,48794890,37
25040.0,668037874,1
25060.0,48794890,37
25060.0,668037874,1
25080.0,48794890,37
25080.0,668037874,1
25100.0,48794890,38
25100.0,668037874,1
25120.0,48794890,38
25120.0,668037874,1
25140.0,48794890,38
25140.0,668037874,1
25160.0,48794890,38
25160.0,668037874,1
25180.0,48794890,38
25180.0,668037874,1
25200.0,48794890,38
25200.0,668037874,1
25220.0,48794890,38
25220.0,668037874,1
25240.0,48794890,38
25240.0,668037874,1
25260.0,48794890,38
25260.0,668037874,1
25280.0,48794890,38
25280.0,668037874,1
25300.0,48794890,38
25300.0,668037874,1
25320.0,48794890,38
25320.0,668037874,1
25340.0,48794890,38
25340.0,668037874,1
25360.0,48794890,37
25360.0,668037874,1
25380.0,48794890,37
25380.0,668037874,1
25400.0,48794890,38
25400.0,668037874,1
25420.0,48794890,38
25420.0,668037874,1
25440.0,48794890,38
25440.0,668037874,1
25460.0,48794890,38
25460.0,668037874,1
25480.0,48794890,38
25480.0,668037874,1
25500.0,48794890,38
25500.0,668037874,1
25520.0,48794890,38
25520.0,668037874,1
25540.0,48794890,38
25540.0,668037874,1
25560.0,48794890,38
25560.0,668037874,1
25580.0,48794890,38
25580.0,668037874,1
25600.0,48794890,38
25600.0,668037874,1
25620.0,48794890,38
25620.0,668037874,1
25640.0,48794890,38
25640.0,668037874,1
25660.0,196961377#0,1
25660.0,48794890,37
25660.0,668037874,1
25680.0,48794890,37
25680.0,668037874,1
25700.0,48794890,38
25700.0,668037874,1
25720.0,48794890,38
25720.0,668037874,1
25740.0,48794890,38
25740.0,668037874,1
25760.0,48794890,38
25760.0,668037874,1
25780.0,48794890,38
25780.0,668037874,1
25800.0,48794890,38
25800.0,668037874,1
25820.0,48794890,38
25820.0,668037874,1
25840.0,48794890,38
25840.0,668037874,1
25860.0,48794890,38
25860.0,668037874,1
25880.0,48794890,38
25880.0,668037874,1
25900.0,48794890,38
25900.0,668037874,1
25920.0,48794890,38
25920.0,668037874,1
25940.0,48794890,38
25940.0,668037874,1
25960.0,196961377#0,1
25960.0,48794890,37
25960.0,668037874,1
25980.0,48794890,37
25980.0,668037874,1
26000.0,48794890,38
26000.0,668037874,1
26020.0,48794890,38
26020.0,668037874,1
26040.0,48794890,38
26040.0,668037874,1
26060.0,48794890,38
26060.0,668037874,1
26080.0,48794890,38
26080.0,668037874,1
26100.0,48794890,38
26100.0,668037874,1
26120.0,48794890,38
26120.0,668037874,1
26140.0,48794890,38
26140.0,668037874,1
26160.0,48794890,38
26160.0,668037874,1
26180.0,48794890,38
26180.0,668037874,1
26200.0,48794890,38
26200.0,668037874,1
26220.0,48794890,38
26220.0,668037874,1
26240.0,48794890,38
26240.0,668037874,1
26260.0,196961377#0,1
26260.0,48794890,37
26260.0,668037874,1
26280.0,48794890,37
26280.0,668037874,1
26300.0,48794890,37
26300.0,668037874,1
26320.0,48794890,38
26320.0,668037874,1
26340.0,48794890,38
26340.0,668037874,1
26360.0,48794890,38
26360.0,668037874,1
26380.0,48794890,38
26380.0,668037874,1
26400.0,48794890,38
26400.0,668037874,1
26420.0,48794890,38
26420.0,668037874,1
26440.0,48794890,38
26440.0,668037874,1
26460.0,48794890,38
26460.0,668037874,1
26480.0,48794890,38
26480.0,668037874,1
26500.0,48794890,38
26500.0,668037874,1
26520.0,48794890,38
26520.0,668037874,1
26540.0,48794890,38
26540.0,668037874,1
26560.0,48794890,38
26560.0,668037874,1
26580.0,196961377#0,1
26580.0,48794890,37
26580.0,668037874,1
26600.0,48794890,37
26600.0,668037874,1
26620.0,48794890,38
26620.0,668037874,1
26640.0,48794890,38
26640.0,668037874,1
26660.0,48794890,38
26660.0,668037874,1
26680.0,48794890,38
26680.0,668037874,1
26700.0,48794890,38
26700.0,668037874,1
26720.0,48794890,38
26720.0,668037874,1
26740.0,48794890,38
26740.0,668037874,1
26760.0,48794890,38
26760.0,668037874,1
26780.0,48794890,38
26780.0,668037874,1
26800.0,48794890,38
26800.0,668037874,1
26820.0,48794890,38
26820.0,668037874,1
26840.0,48794890,38
26840.0,668037874,1
26860.0,48794890,38
26860.0,668037874,1
26880.0,196961377#0,1
26880.0,48794890,37
26880.0,668037874,1
26900.0,48794890,37
26900.0,668037874,1
26920.0,48794890,38
26920.0,668037874,1
26940.0,48794890,38
26940.0,668037874,1
26960.0,48794890,38
26960.0,668037874,1
26980.0,48794890,38
26980.0,668037874,1
27000.0,48794890,38
27000.0,668037874,1
27020.0,48794890,38
27020.0,668037874,1
27040.0,48794890,38
27040.0,668037874,1
27060.0,48794890,38
27060.0,668037874,1
27080.0,48794890,38
27080.0,668037874,1
27100.0,48794890,38
27100.0,668037874,1
27120.0,48794890,38
27120.0,668037874,1
27140.0,48794890,38
27140.0,668037874,1
27160.0,48794890,38
27160.0,668037874,1
27180.0,196961377#0,1
27180.0,48794890,37
27180.0,668037874,1
27200.0,48794890,37
27200.0,668037874,1
27220.0,48794890,37
27220.0,668037874,1
27240.0,48794890,38
27240.0,668037874,1
27260.0,48794890,38
27260.0,668037874,1
27280.0,48794890,38
27280.0,668037874,1
27300.0,48794890,38
27300.0,668037874,1
27320.0,48794890,38
27320.0,668037874,1
27340.0,48794890,38
27340.0,668037874,1
27360.0,48794890,38
27360.0,668037874,1
27380.0,48794890,38
27380.0,668037874,1
27400.0,48794890,38
27400.0,668037874,1
27420.0,48794890,38
27420.0,668037874,1
27440.0,48794890,38
27440.0,668037874,1
27460.0,48794890,38
27460.0,668037874,1
27480.0,48794890,37
27480.0,668037874,2
27500.0,48794890,37
27500.0,668037874,1
27520.0,48794890,37
27520.0,668037874,1
27540.0,48794890,38
27540.0,668037874,1
27560.0,48794890,38
27560.0,668037874,1
27580.0,48794890,38
27580.0,668037874,1
27600.0,48794890,38
27600.0,668037874,1
27620.0,48794890,38
27620.0,668037874,1
27640.0,48794890,38
27640.0,668037874,1
27660.0,48794890,38
27660.0,668037874,1
27680.0,48794890,38
27680.0,668037874,1
27700.0,48794890,38
27700.0,668037874,1
27720.0,48794890,38
27720.0,668037874,1
27740.0,48794890,38
27740.0,668037874,1
27760.0,48794890,38
27760.0,668037874,1
27780.0,48794890,38
27780.0,668037874,1
27800.0,48794890,37
27800.0,668037874,1
27820.0,48794890,37
27820.0,668037874,1
27840.0,48794890,38
27840.0,668037874,1
27860.0,48794890,38
27860.0,668037874,1
27880.0,48794890,38
27880.0,668037874,1
27900.0,48794890,38
27900.0,668037874,1
27920.0,48794890,38
27920.0,668037874,1
27940.0,48794890,38
27940.0,668037874,1
27960.0,48794890,38
27960.0,668037874,1
27980.0,48794890,38
27980.0,668037874,1
28000.0,48794890,38
28000.0,668037874,1
28020.0,48794890,38
28020.0,668037874,1
28040.0,48794890,38
28040.0,668037874,1
28060.0,48794890,38
28060.0,668037874,1
28080.0,48794890,38
28080.0,668037874,1
28100.0,196961377#0,1
28100.0,48794890,37
28100.0,668037874,1
28120.0,48794890,37
28120.0,668037874,1
28140.0,48794890,38
28140.0,668037874,1
28160.0,48794890,38
28160.0,668037874,1
28180.0,48794890,38
28180.0,668037874,1
28200.0,48794890,38
28200.0,668037874,1
28220.0,48794890,38
28220.0,668037874,1
28240.0,48794890,38
28240.0,668037874,1
28260.0,48794890,38
28260.0,668037874,1
28280.0,48794890,38
28280.0,668037874,1
28300.0,48794890,38
28300.0,668037874,1
28320.0,48794890,38
28320.0,668037874,1
28340.0,48794890,38
28340.0,668037874,1
28360.0,48794890,38
28360.0,668037874,1
28380.0,48794890,38
28380.0,668037874,1
28400.0,196961377#0,1
28400.0,48794890,37
28400.0,668037874,1
28420.0,48794890,37
28420.0,668037874,1
28440.0,48794890,37
28440.0,668037874,1
28460.0,48794890,38
28460.0,668037874,1
28480.0,48794890,38
28480.0,668037874,1
28500.0,48794890,38
28500.0,668037874,1
28520.0,48794890,38
28520.0,668037874,1
28540.0,48794890,38
28540.0,668037874,1
28560.0,48794890,38
28560.0,668037874,1
28580.0,48794890,38
28580.0,668037874,1
28600.0,48794890,38
28600.0,668037874,1
28620.0,48794890,38
28620.0,668037874,1
28640.0,48794890,38
28640.0,668037874,1
28660.0,48794890,38
28660.0,668037874,1
28680.0,48794890,38
28680.0,668037874,1
28700.0,48794890,38
28700.0,668037874,1
28720.0,48794890,37
28720.0,668037874,1
28740.0,48794890,37
28740.0,668037874,1
28760.0,48794890,38
28760.0,668037874,1
28780.0,48794890,38
28780.0,668037874,1
28800.0,48794890,38
28800.0,668037874,1
28820.0,48794890,38
28820.0,668037874,1
28840.0,48794890,38
28840.0,668037874,1
28860.0,48794890,38
28860.0,668037874,1
28880.0,48794890,38
28880.0,668037874,1
28900.0,48794890,38
28900.0,668037874,1
28920.0,48794890,38
28920.0,668037874,1
28940.0,48794890,38
28940.0,668037874,1
28960.0,48794890,38
28960.0,668037874,1
28980.0,48794890,38
28980.0,668037874,1
29000.0,48794890,38
29000.0,668037874,1
29020.0,196961377#0,1
29020.0,48794890,37
29020.0,668037874,1
29040.0,48794890,37
29040.0,668037874,1
29060.0,48794890,38
29060.0,668037874,1
29080.0,48794890,38
29080.0,668037874,1
29100.0,48794890,38
29100.0,668037874,1
29120.0,48794890,38
29120.0,668037874,1
29140.0,48794890,38
29140.0,668037874,1
29160.0,48794890,38
29160.0,668037874,1
29180.0,48794890,38
29180.0,668037874,1
29200.0,48794890,38
29200.0,668037874,1
29220.0,48794890,38
29220.0,668037874,1
29240.0,48794890,38
29240.0,668037874,1
29260.0,48794890,38
29260.0,668037874,1
29280.0,48794890,38
29280.0,668037874,1
29300.0,48794890,38
29300.0,668037874,1
29320.0,196961377#0,1
29320.0,48794890,37
29320.0,668037874,1
29340.0,48794890,37
29340.0,668037874,1
29360.0,48794890,38
29360.0,668037874,1
29380.0,48794890,38
29380.0,668037874,1
29400.0,48794890,38
29400.0,668037874,1
29420.0,48794890,38
29420.0,668037874,1
29440.0,48794890,38
29440.0,668037874,1
29460.0,48794890,38
29460.0,668037874,1
29480.0,48794890,38
29480.0,668037874,1
29500.0,48794890,38
29500.0,668037874,1
29520.0,48794890,38
29520.0,668037874,1
29540.0,48794890,38
29540.0,668037874,1
29560.0,48794890,38
29560.0,668037874,1
29580.0,48794890,38
29580.0,668037874,1
29600.0,48794890,38
29600.0,668037874,1
29620.0,196961377#0,1
29620.0,48794890,37
29620.0,668037874,1
29640.0,48794890,37
29640.0,668037874,1
29660.0,48794890,37
29660.0,668037874,1
29680.0,48794890,38
29680.0,668037874,1
29700.0,48794890,38
29700.0,668037874,1
29720.0,48794890,38
29720.0,668037874,1
29740.0,48794890,38
29740.0,668037874,1
29760.0,48794890,38
29760.0,668037874,1
29780.0,48794890,38
29780.0,668037874,1
29800.0,48794890,38
29800.0,668037874,1
29820.0,48794890,38
29820.0,668037874,1
29840.0,48794890,38
29840.0,668037874,1
29860.0,48794890,38
29860.0,668037874,1
29880.0,48794890,38
29880.0,668037874,1
29900.0,48794890,38
29900.0,668037874,1
29920.0,48794890,38
29920.0,668037874,1
29940.0,48794890,37
29940.0,668037874,1
29960.0,48794890,37
29960.0,668037874,1
29980.0,48794890,38
29980.0,668037874,1
30000.0,48794890,38
30000.0,668037874,1
30020.0,48794890,38
30020.0,668037874,1
30040.0,48794890,38
30040.0,668037874,1
30060.0,48794890,38
30060.0,668037874,1
30080.0,48794890,38
30080.0,668037874,1
30100.0,48794890,38
30100.0,668037874,1
30120.0,48794890,38
30120.0,668037874,1
30140.0,48794890,38
30140.0,668037874,1
30160.0,48794890,38
30160.0,668037874,1
30180.0,48794890,38
30180.0,668037874,1
30200.0,48794890,38
30200.0,668037874,1
30220.0,48794890,38
30220.0,668037874,1
30240.0,196961377#0,1
30240.0,48794890,37
30240.0,668037874,1
30260.0,48794890,37
30260.0,668037874,1
30280.0,48794890,38
30280.0,668037874,1
30300.0,48794890,38
30300.0,668037874,1
30320.0,48794890,38
30320.0,668037874,1
30340.0,48794890,38
30340.0,668037874,1
30360.0,48794890,38
30360.0,668037874,1
30380.0,48794890,38
30380.0,668037874,1
30400.0,48794890,38
30400.0,668037874,1
30420.0,48794890,38
30420.0,668037874,1
30440.0,48794890,38
30440.0,668037874,1
30460.0,48794890,38
30460.0,668037874,1
30480.0,48794890,38
30480.0,668037874,1
30500.0,48794890,38
30500.0,668037874,1
30520.0,48794890,38
30520.0,668037874,1
30540.0,196961377#0,1
30540.0,48794890,37
30540.0,668037874,1
30560.0,48794890,37
30560.0,668037874,1
30580.0,48794890,38
30580.0,668037874,1
30600.0,48794890,38
30600.0,668037874,1
30620.0,48794890,38
30620.0,668037874,1
30640.0,48794890,38
30640.0,668037874,1
30660.0,48794890,38
30660.0,668037874,1
30680.0,48794890,38
30680.0,668037874,1
30700.0,48794890,38
30700.0,668037874,1
30720.0,48794890,38
30720.0,668037874,1
30740.0,48794890,38
30740.0,668037874,1
30760.0,48794890,38
30760.0,668037874,1
30780.0,48794890,38
30780.0,668037874,1
30800.0,48794890,38
30800.0,668037874,1
30820.0,48794890,38
30820.0,668037874,1
30840.0,196961377#0,1
30840.0,48794890,37
30840.0,668037874,1
30860.0,48794890,37
30860.0,668037874,1
30880.0,48794890,37
30880.0,668037874,1
30900.0,48794890,38
30900.0,668037874,1
30920.0,48794890,38
30920.0,668037874,1
30940.0,48794890,38
30940.0,668037874,1
30960.0,48794890,38
30960.0,668037874,1
30980.0,48794890,38
30980.0,668037874,1
31000.0,48794890,38
31000.0,668037874,1
31020.0,48794890,38
31020.0,668037874,1
31040.0,48794890,38
31040.0,668037874,1
31060.0,48794890,38
31060.0,668037874,1
31080.0,48794890,38
31080.0,668037874,1
31100.0,48794890,38
31100.0,668037874,1
31120.0,48794890,38
31120.0,668037874,1
31140.0,48794890,38
31140.0,668037874,1
31160.0,48794890,37
31160.0,668037874,1
31180.0,48794890,37
31180.0,668037874,1
31200.0,48794890,38
31200.0,668037874,1
31220.0,48794890,38
31220.0,668037874,1
31240.0,48794890,38
31240.0,668037874,1
31260.0,48794890,38
31260.0,668037874,1
31280.0,48794890,38
31280.0,668037874,1
31300.0,48794890,38
31300.0,668037874,1
31320.0,48794890,38
31320.0,668037874,1
31340.0,48794890,38
31340.0,668037874,1
31360.0,48794890,38
31360.0,668037874,1
31380.0,48794890,38
31380.0,668037874,1
31400.0,48794890,38
31400.0,668037874,1
31420.0,48794890,38
31420.0,668037874,1
31440.0,48794890,38
31440.0,668037874,1
31460.0,196961377#0,1
31460.0,48794890,37
31460.0,668037874,1
31480.0,48794890,37
31480.0,668037874,1
31500.0,48794890,38
31500.0,668037874,1
31520.0,48794890,38
31520.0,668037874,1
31540.0,48794890,38
31540.0,668037874,1
31560.0,48794890,38
31560.0,668037874,1
31580.0,48794890,38
31580.0,668037874,1
31600.0,48794890,38
31600.0,668037874,1
31620.0,48794890,38
31620.0,668037874,1
31640.0,48794890,38
31640.0,668037874,1
31660.0,48794890,38
31660.0,668037874,1
31680.0,48794890,38
31680.0,668037874,1
31700.0,48794890,38
31700.0,668037874,1
31720.0,48794890,38
31720.0,668037874,1
31740.0,48794890,38
31740.0,668037874,1
31760.0,196961377#0,1
31760.0,48794890,37
31760.0,668037874,1
31780.0,48794890,37
31780.0,668037874,1
31800.0,48794890,37
31800.0,668037874,1
31820.0,48794890,38
31820.0,668037874,1
31840.0,48794890,38
31840.0,668037874,1
31860.0,48794890,38
31860.0,668037874,1
31880.0,48794890,38
31880.0,668037874,1
31900.0,48794890,38
31900.0,668037874,1
31920.0,48794890,38
31920.0,668037874,1
31940.0,48794890,38
31940.0,668037874,1
31960.0,48794890,38
31960.0,668037874,1
31980.0,48794890,38
31980.0,668037874,1
32000.0,48794890,38
32000.0,668037874,1
32020.0,48794890,38
32020.0,668037874,1
32040.0,48794890,38
32040.0,668037874,1
32060.0,196961377#0,1
32060.0,48794890,37
32060.0,668037874,1
32080.0,48794890,37
32080.0,668037874,1
32100.0,48794890,37
32100.0,668037874,1
32120.0,48794890,38
32120.0,668037874,1
32140.0,48794890,38
32140.0,668037874,1
32160.0,48794890,38
32160.0,668037874,1
32180.0,48794890,38
32180.0,668037874,1
32200.0,48794890,38
32200.0,668037874,1
32220.0,48794890,38
32220.0,668037874,1
32240.0,48794890,38
32240.0,668037874,1
32260.0,48794890,38
32260.0,668037874,1
32280.0,48794890,38
32280.0,668037874,1
32300.0,48794890,38
32300.0,668037874,1
32320.0,48794890,38
32320.0,668037874,1
32340.0,48794890,38
32340.0,668037874,1
32360.0,48794890,38
32360.0,668037874,1
32380.0,48794890,37
32380.0,668037874,1
32400.0,48794890,37
32400.0,668037874,1
32420.0,48794890,38
32420.0,668037874,1
32440.0,48794890,38
32440.0,668037874,1
32460.0,48794890,38
32460.0,668037874,1
32480.0,48794890,38
32480.0,668037874,1
32500.0,48794890,38
32500.0,668037874,1
32520.0,48794890,38
32520.0,668037874,1
32540.0,48794890,38
32540.0,668037874,1
32560.0,48794890,38
32560.0,668037874,1
32580.0,48794890,38
32580.0,668037874,1
32600.0,48794890,38
32600.0,668037874,1
32620.0,48794890,38
32620.0,668037874,1
32640.0,48794890,38
32640.0,668037874,1
32660.0,48794890,38
32660.0,668037874,1
32680.0,196961377#0,1
32680.0,48794890,37
32680.0,668037874,1
32700.0,48794890,37
32700.0,668037874,1
32720.0,48794890,38
32720.0,668037874,1
32740.0,48794890,38
32740.0,668037874,1
32760.0,48794890,38
32760.0,668037874,1
32780.0,48794890,38
32780.0,668037874,1
32800.0,48794890,38
32800.0,668037874,1
32820.0,48794890,38
32820.0,668037874,1
32840.0,48794890,38
32840.0,668037874,1
32860.0,48794890,38
32860.0,668037874,1
32880.0,48794890,38
32880.0,668037874,1
32900.0,48794890,38
32900.0,668037874,1
32920.0,48794890,38
32920.0,668037874,1
32940.0,48794890,38
32940.0,668037874,1
32960.0,48794890,38
32960.0,668037874,1
32980.0,196961377#0,1
32980.0,48794890,37
32980.0,668037874,1
33000.0,48794890,37
33000.0,668037874,1
33020.0,48794890,37
33020.0,668037874,1
33040.0,48794890,38
33040.0,668037874,1
33060.0,48794890,38
33060.0,668037874,1
33080.0,48794890,38
33080.0,668037874,1
33100.0,48794890,38
33100.0,668037874,1
33120.0,48794890,38
33120.0,668037874,1
33140.0,48794890,38
33140.0,668037874,1
33160.0,48794890,38
33160.0,668037874,1
33180.0,48794890,38
33180.0,668037874,1
33200.0,48794890,38
33200.0,668037874,1
33220.0,48794890,38
33220.0,668037874,1
33240.0,48794890,38
33240.0,668037874,1
33260.0,48794890,38
33260.0,668037874,1
33280.0,48794890,38
33280.0,668037874,1
33300.0,48794890,37
33300.0,668037874,1
33320.0,48794890,37
33320.0,668037874,1
33340.0,48794890,38
33340.0,668037874,1
33360.0,48794890,38
33360.0,668037874,1
33380.0,48794890,38
33380.0,668037874,1
33400.0,48794890,38
33400.0,668037874,1
33420.0,48794890,38
33420.0,668037874,1
33440.0,48794890,38
33440.0,668037874,1
33460.0,48794890,38
33460.0,668037874,1
33480.0,48794890,38
33480.0,668037874,1
33500.0,48794890,38
33500.0,668037874,1
33520.0,48794890,38
33520.0,668037874,1
33540.0,48794890,38
33540.0,668037874,1
33560.0,48794890,38
33560.0,668037874,1
33580.0,48794890,38
33580.0,668037874,1
33600.0,196961377#0,1
33600.0,48794890,37
33600.0,668037874,1
33620.0,48794890,37
33620.0,668037874,1
33640.0,48794890,38
33640.0,668037874,1
33660.0,48794890,38
33660.0,668037874,1
33680.0,48794890,38
33680.0,668037874,1
33700.0,48794890,38
33700.0,668037874,1
33720.0,48794890,38
33720.0,668037874,1
33740.0,48794890,38
33740.0,668037874,1
33760.0,48794890,38
33760.0,668037874,1
33780.0,48794890,38
33780.0,668037874,1
33800.0,48794890,38
33800.0,668037874,1
33820.0,48794890,38
33820.0,668037874,1
33840.0,48794890,38
33840.0,668037874,1
33860.0,48794890,38
33860.0,668037874,1
33880.0,48794890,38
33880.0,668037874,1
33900.0,196961377#0,1
33900.0,48794890,37
33900.0,668037874,1
33920.0,48794890,37
33920.0,668037874,1
33940.0,48794890,38
33940.0,668037874,1
33960.0,48794890,38
33960.0,668037874,1
33980.0,48794890,38
33980.0,668037874,1
34000.0,48794890,38
34000.0,668037874,1
34020.0,48794890,38
34020.0,668037874,1
34040.0,48794890,38
34040.0,668037874,1
34060.0,48794890,38
34060.0,668037874,1
34080.0,48794890,38
34080.0,668037874,1
34100.0,48794890,38
34100.0,668037874,1
34120.0,48794890,38
34120.0,668037874,1
34140.0,48794890,38
34140.0,668037874,1
34160.0,48794890,38
34160.0,668037874,1
34180.0,48794890,38
34180.0,668037874,1
34200.0,196961377#0,1
34200.0,48794890,37
34200.0,668037874,1
34220.0,48794890,37
34220.0,668037874,1
34240.0,48794890,37
34240.0,668037874,1
34260.0,48794890,38
34260.0,668037874,1
34280.0,48794890,38
34280.0,668037874,1
34300.0,48794890,38
34300.0,668037874,1
34320.0,48794890,38
34320.0,668037874,1
34340.0,48794890,38
34340.0,668037874,1
34360.0,48794890,38
34360.0,668037874,1
34380.0,48794890,38
34380.0,668037874,1
34400.0,48794890,38
34400.0,668037874,1
34420.0,48794890,38
34420.0,668037874,1
34440.0,48794890,38
34440.0,668037874,1
34460.0,48794890,38
34460.0,668037874,1
34480.0,48794890,38
34480.0,668037874,1
34500.0,48794890,38
34500.0,668037874,1
34520.0,48794890,37
34520.0,668037874,1
34540.0,48794890,37
34540.0,668037874,1
34560.0,48794890,38
34560.0,668037874,1
34580.0,48794890,38
34580.0,668037874,1
34600.0,48794890,38
34600.0,668037874,1
34620.0,48794890,38
34620.0,668037874,1
34640.0,48794890,38
34640.0,668037874,1
34660.0,48794890,38
34660.0,668037874,1
34680.0,48794890,38
34680.0,668037874,1
34700.0,48794890,38
34700.0,668037874,1
34720.0,48794890,38
34720.0,668037874,1
34740.0,48794890,38
34740.0,668037874,1
34760.0,48794890,38
34760.0,668037874,1
34780.0,48794890,38
34780.0,668037874,1
34800.0,48794890,38
34800.0,668037874,1
34820.0,196961377#0,1
34820.0,48794890,37
34820.0,668037874,1
34840.0,48794890,37
34840.0,668037874,1
34860.0,48794890,38
34860.0,668037874,1
34880.0,48794890,38
34880.0,668037874,1
34900.0,48794890,38
34900.0,668037874,1
34920.0,48794890,38
34920.0,668037874,1
34940.0,48794890,38
34940.0,668037874,1
34960.0,48794890,38
34960.0,668037874,1
34980.0,48794890,38
34980.0,668037874,1
35000.0,48794890,38
35000.0,668037874,1
35020.0,48794890,38
35020.0,668037874,1
35040.0,48794890,38
35040.0,668037874,1
35060.0,48794890,38
35060.0,668037874,1
35080.0,48794890,38
35080.0,668037874,1
35100.0,48794890,38
35100.0,668037874,1
35120.0,196961377#0,1
35120.0,48794890,37
35120.0,668037874,1
35140.0,48794890,37
35140.0,668037874,1
35160.0,48794890,38
35160.0,668037874,1
35180.0,48794890,38
35180.0,668037874,1
35200.0,48794890,38
35200.0,668037874,1
35220.0,48794890,38
35220.0,668037874,1
35240.0,48794890,38
35240.0,668037874,1
35260.0,48794890,38
35260.0,668037874,1
35280.0,48794890,38
35280.0,668037874,1
35300.0,48794890,38
35300.0,668037874,1
35320.0,48794890,38
35320.0,668037874,1
35340.0,48794890,38
35340.0,668037874,1
35360.0,48794890,38
35360.0,668037874,1
35380.0,48794890,38
35380.0,668037874,1
35400.0,48794890,38
35400.0,668037874,1
35420.0,196961377#0,1
35420.0,48794890,37
35420.0,668037874,1
35440.0,48794890,37
35440.0,668037874,1
35460.0,48794890,37
35460.0,668037874,1
35480.0,48794890,38
35480.0,668037874,1
35500.0,48794890,38
35500.0,668037874,1
35520.0,48794890,38
35520.0,668037874,1
35540.0,48794890,38
35540.0,668037874,1
35560.0,48794890,38
35560.0,668037874,1
35580.0,48794890,38
35580.0,668037874,1
35600.0,48794890,38
35600.0,668037874,1
35620.0,48794890,38
35620.0,668037874,1
35640.0,48794890,38
35640.0,668037874,1
35660.0,48794890,38
35660.0,668037874,1
35680.0,48794890,38
35680.0,668037874,1
35700.0,48794890,38
35700.0,668037874,1
35720.0,48794890,38
35720.0,668037874,1
35740.0,196961377#0,1
35740.0,48794890,37
35740.0,668037874,1
35760.0,48794890,37
35760.0,668037874,1
35780.0,48794890,38
35780.0,668037874,1
35800.0,48794890,38
35800.0,668037874,1
35820.0,48794890,38
35820.0,668037874,1
35840.0,48794890,38
35840.0,668037874,1
35860.0,48794890,38
35860.0,668037874,1
35880.0,48794890,38
35880.0,668037874,1
35900.0,48794890,38
35900.0,668037874,1
35920.0,48794890,38
35920.0,668037874,1
35940.0,48794890,38
35940.0,668037874,1
35960.0,48794890,38
35960.0,668037874,1
35980.0,48794890,38
35980.0,668037874,1
36000.0,48794890,38
36000.0,668037874,1
36020.0,48794890,38
36020.0,668037874,1
36040.0,196961377#0,1
36040.0,48794890,37
36040.0,668037874,1
36060.0,48794890,37
36060.0,668037874,1
36080.0,48794890,37
36080.0,668037874,1
36100.0,48794890,37
36100.0,668037874,1
36120.0,48794890,37
36120.0,668037874,1
36140.0,48794890,37
36140.0,668037874,1
36160.0,48794890,37
36160.0,668037874,1
36180.0,48794890,37
36180.0,668037874,1
36200.0,48794890,37
36200.0,668037874,1
36220.0,48794890,37
36220.0,668037874,1
36240.0,48794890,37
36240.0,668037874,1
36260.0,48794890,37
36260.0,668037874,1
36280.0,48794890,37
36280.0,668037874,1
36300.0,48794890,37
36300.0,668037874,1
36320.0,48794890,37
36320.0,668037874,1
36340.0,196961377#0,1
36340.0,48794890,36
36340.0,668037874,1
36360.0,48794890,36
36360.0,668037874,1
36380.0,48794890,36
36380.0,668037874,1
36400.0,48794890,36
36400.0,668037874,1
36420.0,48794890,36
36420.0,668037874,1
36440.0,48794890,36
36440.0,668037874,1
36460.0,48794890,36
36460.0,668037874,1
36480.0,48794890,36
36480.0,668037874,1
36500.0,48794890,36
36500.0,668037874,1
36520.0,48794890,36
36520.0,668037874,1
36540.0,48794890,36
36540.0,668037874,1
36560.0,48794890,36
36560.0,668037874,1
36580.0,48794890,36
36580.0,668037874,1
36600.0,48794890,36
36600.0,668037874,1
36620.0,48794890,36
36620.0,668037874,1
36640.0,196961377#0,1
36640.0,48794890,35
36640.0,668037874,1
36660.0,48794890,35
36660.0,668037874,1
36680.0,48794890,35
36680.0,668037874,1
36700.0,48794890,35
36700.0,668037874,1
36720.0,48794890,35
36720.0,668037874,1
36740.0,48794890,35
36740.0,668037874,1
36760.0,48794890,35
36760.0,668037874,1
36780.0,48794890,35
36780.0,668037874,1
36800.0,48794890,35
36800.0,668037874,1
36820.0,48794890,35
36820.0,668037874,1
36840.0,48794890,35
36840.0,668037874,1
36860.0,48794890,35
36860.0,668037874,1
36880.0,48794890,35
36880.0,668037874,1
36900.0,48794890,35
36900.0,668037874,1
36920.0,48794890,35
36920.0,668037874,1
36940.0,48794890,35
36940.0,668037874,1
36960.0,196961377#0,1
36960.0,48794890,34
36960.0,668037874,1
36980.0,48794890,34
36980.0,668037874,1
37000.0,48794890,34
37000.0,668037874,1
37020.0,48794890,34
37020.0,668037874,1
37040.0,48794890,34
37040.0,668037874,1
37060.0,48794890,34
37060.0,668037874,1
37080.0,48794890,34
37080.0,668037874,1
37100.0,48794890,34
37100.0,668037874,1
37120.0,48794890,34
37120.0,668037874,1
37140.0,48794890,34
37140.0,668037874,1
37160.0,48794890,34
37160.0,668037874,1
37180.0,48794890,34
37180.0,668037874,1
37200.0,48794890,34
37200.0,668037874,1
37220.0,48794890,34
37220.0,668037874,1
37240.0,48794890,34
37240.0,668037874,1
37260.0,196961377#0,1
37260.0,48794890,33
37260.0,668037874,1
37280.0,48794890,33
37280.0,668037874,1
37300.0,48794890,33
37300.0,668037874,1
37320.0,48794890,33
37320.0,668037874,1
37340.0,48794890,33
37340.0,668037874,1
37360.0,48794890,33
37360.0,668037874,1
37380.0,48794890,33
37380.0,668037874,1
37400.0,48794890,33
37400.0,668037874,1
37420.0,48794890,33
37420.0,668037874,1
37440.0,48794890,33
37440.0,668037874,1
37460.0,48794890,33
37460.0,668037874,1
37480.0,48794890,33
37480.0,668037874,1
37500.0,48794890,33
37500.0,668037874,1
37520.0,48794890,33
37520.0,668037874,1
37540.0,48794890,33
37540.0,668037874,1
37560.0,196961377#0,1
37560.0,48794890,32
37560.0,668037874,1
37580.0,48794890,32
37580.0,668037874,1
37600.0,48794890,32
37600.0,668037874,1
37620.0,48794890,32
37620.0,668037874,1
37640.0,48794890,32
37640.0,668037874,1
37660.0,48794890,32
37660.0,668037874,1
37680.0,48794890,32
37680.0,668037874,1
37700.0,48794890,32
37700.0,668037874,1
37720.0,48794890,32
37720.0,668037874,1
37740.0,48794890,32
37740.0,668037874,1
37760.0,48794890,32
37760.0,668037874,1
37780.0,48794890,32
37780.0,668037874,1
37800.0,48794890,32
37800.0,668037874,1
37820.0,48794890,32
37820.0,668037874,1
37840.0,48794890,32
37840.0,668037874,1
37860.0,196961377#0,1
37860.0,48794890,31
37860.0,668037874,1
37880.0,48794890,31
37880.0,668037874,1
37900.0,48794890,31
37900.0,668037874,1
37920.0,48794890,31
37920.0,668037874,1
37940.0,48794890,31
37940.0,668037874,1
37960.0,48794890,31
37960.0,668037874,1
37980.0,48794890,31
37980.0,668037874,1
38000.0,48794890,31
38000.0,668037874,1
38020.0,48794890,31
38020.0,668037874,1
38040.0,48794890,31
38040.0,668037874,1
38060.0,48794890,31
38060.0,668037874,1
38080.0,48794890,31
38080.0,668037874,1
38100.0,48794890,31
38100.0,668037874,1
38120.0,48794890,31
38120.0,668037874,1
38140.0,48794890,31
38140.0,668037874,1
38160.0,48794890,31
38160.0,668037874,1
38180.0,196961377#0,1
38180.0,48794890,30
38180.0,668037874,1
38200.0,48794890,30
38200.0,668037874,1
38220.0,48794890,30
38220.0,668037874,1
38240.0,48794890,30
38240.0,668037874,1
38260.0,48794890,30
38260.0,668037874,1
38280.0,48794890,30
38280.0,668037874,1
38300.0,48794890,30
38300.0,668037874,1
38320.0,48794890,30
38320.0,668037874,1
38340.0,48794890,30
38340.0,668037874,1
38360.0,48794890,30
38360.0,668037874,1
38380.0,48794890,30
38380.0,668037874,1
38400.0,48794890,30
38400.0,668037874,1
38420.0,48794890,30
38420.0,668037874,1
38440.0,48794890,30
38440.0,668037874,1
38460.0,48794890,30
38460.0,668037874,1
38480.0,196961377#0,1
38480.0,48794890,29
38480.0,668037874,1
38500.0,48794890,29
38500.0,668037874,1
38520.0,48794890,29
38520.0,668037874,1
38540.0,48794890,29
38540.0,668037874,1
38560.0,48794890,29
38560.0,668037874,1
38580.0,48794890,29
38580.0,668037874,1
38600.0,48794890,29
38600.0,668037874,1
38620.0,48794890,29
38620.0,668037874,1
38640.0,48794890,29
38640.0,668037874,1
38660.0,48794890,29
38660.0,668037874,1
38680.0,48794890,29
38680.0,668037874,1
38700.0,48794890,29
38700.0,668037874,1
38720.0,48794890,29
38720.0,668037874,1
38740.0,48794890,29
38740.0,668037874,1
38760.0,48794890,29
38760.0,668037874,1
38780.0,196961377#0,1
38780.0,48794890,28
38780.0,668037874,1
38800.0,48794890,28
38800.0,668037874,1
38820.0,48794890,28
38820.0,668037874,1
38840.0,48794890,28
38840.0,668037874,1
38860.0,48794890,28
38860.0,668037874,1
38880.0,48794890,28
38880.0,668037874,1
38900.0,48794890,28
38900.0,668037874,1
38920.0,48794890,28
38920.0,668037874,1
38940.0,48794890,28
38940.0,668037874,1
38960.0,48794890,28
38960.0,668037874,1
38980.0,48794890,28
38980.0,668037874,1
39000.0,48794890,28
39000.0,668037874,1
39020.0,48794890,28
39020.0,668037874,1
39040.0,48794890,28
39040.0,668037874,1
39060.0,48794890,28
39060.0,668037874,1
39080.0,48794890,27
39080.0,668037874,2
39100.0,48794890,27
39100.0,668037874,1
39120.0,48794890,27
39120.0,668037874,1
39140.0,48794890,27
39140.0,668037874,1
39160.0,48794890,27
39160.0,668037874,1
39180.0,48794890,27
39180.0,668037874,1
39200.0,48794890,27
39200.0,668037874,1
39220.0,48794890,27
39220.0,668037874,1
39240.0,48794890,27
39240.0,668037874,1
39260.0,48794890,27
39260.0,668037874,1
39280.0,48794890,27
39280.0,668037874,1
39300.0,48794890,27
39300.0,668037874,1
39320.0,48794890,27
39320.0,668037874,1
39340.0,48794890,27
39340.0,668037874,1
39360.0,48794890,27
39360.0,668037874,1
39380.0,48794890,27
39380.0,668037874,1
39400.0,196961377#0,1
39400.0,48794890,26
39400.0,668037874,1
39420.0,48794890,26
39420.0,668037874,1
39440.0,48794890,26
39440.0,668037874,1
39460.0,48794890,26
39460.0,668037874,1
39480.0,48794890,26
39480.0,668037874,1
39500.0,48794890,26
39500.0,668037874,1
39520.0,48794890,26
39520.0,668037874,1
39540.0,48794890,26
39540.0,668037874,1
39560.0,48794890,26
39560.0,668037874,1
39580.0,48794890,26
39580.0,668037874,1
39600.0,48794890,26
39600.0,668037874,1
39620.0,48794890,26
39620.0,668037874,1
39640.0,48794890,26
39640.0,668037874,1
39660.0,48794890,26
39660.0,668037874,1
39680.0,48794890,26
39680.0,668037874,1
39700.0,196961377#0,1
39700.0,48794890,25
39700.0,668037874,1
39720.0,48794890,25
39720.0,668037874,1
39740.0,48794890,25
39740.0,668037874,1
39760.0,48794890,25
39760.0,668037874,1
39780.0,48794890,25
39780.0,668037874,1
39800.0,48794890,25
39800.0,668037874,1
39820.0,48794890,25
39820.0,668037874,1
39840.0,48794890,25
39840.0,668037874,1
39860.0,48794890,25
39860.0,668037874,1
39880.0,48794890,25
39880.0,668037874,1
39900.0,48794890,25
39900.0,668037874,1
39920.0,48794890,25
39920.0,668037874,1
39940.0,48794890,25
39940.0,668037874,1
39960.0,48794890,25
39960.0,668037874,1
39980.0,48794890,25
39980.0,668037874,1
40000.0,196961377#0,1
40000.0,48794890,24
40000.0,668037874,1
40020.0,48794890,24
40020.0,668037874,1
40040.0,48794890,24
40040.0,668037874,1
40060.0,48794890,24
40060.0,668037874,1
40080.0,48794890,24
40080.0,668037874,1
40100.0,48794890,24
40100.0,668037874,1
40120.0,48794890,24
40120.0,668037874,1
40140.0,48794890,24
40140.0,668037874,1
40160.0,48794890,24
40160.0,668037874,1
40180.0,48794890,24
40180.0,668037874,1
40200.0,48794890,24
40200.0,668037874,1
40220.0,48794890,24
40220.0,668037874,1
40240.0,48794890,24
40240.0,668037874,1
40260.0,48794890,24
40260.0,668037874,1
40280.0,48794890,24
40280.0,668037874,1
40300.0,48794890,24
40300.0,668037874,1
40320.0,48794890,23
40320.0,668037874,1
40340.0,48794890,23
40340.0,668037874,1
40360.0,48794890,23
40360.0,668037874,1
40380.0,48794890,23
40380.0,668037874,1
40400.0,48794890,23
40400.0,668037874,1
40420.0,48794890,23
40420.0,668037874,1
40440.0,48794890,23
40440.0,668037874,1
40460.0,48794890,23
40460.0,668037874,1
40480.0,48794890,23
40480.0,668037874,1
40500.0,48794890,23
40500.0,668037874,1
40520.0,48794890,23
40520.0,668037874,1
40540.0,48794890,23
40540.0,668037874,1
40560.0,48794890,23
40560.0,668037874,1
40580.0,48794890,23
40580.0,668037874,1
40600.0,48794890,23
40600.0,668037874,1
40620.0,196961377#0,1
40620.0,48794890,22
40620.0,668037874,1
40640.0,48794890,22
40640.0,668037874,1
40660.0,48794890,22
40660.0,668037874,1
40680.0,48794890,22
40680.0,668037874,1
40700.0,48794890,22
40700.0,668037874,1
40720.0,48794890,22
40720.0,668037874,1
40740.0,48794890,22
40740.0,668037874,1
40760.0,48794890,22
40760.0,668037874,1
40780.0,48794890,22
40780.0,668037874,1
40800.0,48794890,22
40800.0,668037874,1
40820.0,48794890,22
40820.0,668037874,1
40840.0,48794890,22
40840.0,668037874,1
40860.0,48794890,22
40860.0,668037874,1
40880.0,48794890,22
40880.0,668037874,1
40900.0,48794890,22
40900.0,668037874,1
40920.0,196961377#0,1
40920.0,48794890,21
40920.0,668037874,1
40940.0,48794890,21
40940.0,668037874,1
40960.0,48794890,21
40960.0,668037874,1
40980.0,48794890,21
40980.0,668037874,1
41000.0,48794890,21
41000.0,668037874,1
41020.0,48794890,21
41020.0,668037874,1
41040.0,48794890,21
41040.0,668037874,1
41060.0,48794890,21
41060.0,668037874,1
41080.0,48794890,21
41080.0,668037874,1
41100.0,48794890,21
41100.0,668037874,1
41120.0,48794890,21
41120.0,668037874,1
41140.0,48794890,21
41140.0,668037874,1
41160.0,48794890,21
41160.0,668037874,1
41180.0,48794890,21
41180.0,668037874,1
41200.0,48794890,21
41200.0,668037874,1
41220.0,196961377#0,1
41220.0,48794890,20
41220.0,668037874,1
41240.0,48794890,20
41240.0,668037874,1
41260.0,48794890,20
41260.0,668037874,1
41280.0,48794890,20
41280.0,668037874,1
41300.0,48794890,20
41300.0,668037874,1
41320.0,48794890,20
41320.0,668037874,1
41340.0,48794890,20
41340.0,668037874,1
41360.0,48794890,20
41360.0,668037874,1
41380.0,48794890,20
41380.0,668037874,1
41400.0,48794890,20
41400.0,668037874,1
41420.0,48794890,20
41420.0,668037874,1
41440.0,48794890,20
41440.0,668037874,1
41460.0,48794890,20
41460.0,668037874,1
41480.0,48794890,20
41480.0,668037874,1
41500.0,48794890,20
41500.0,668037874,1
41520.0,48794890,20
41520.0,668037874,1
41540.0,48794890,19
41540.0,668037874,1
41560.0,48794890,19
41560.0,668037874,1
41580.0,48794890,19
41580.0,668037874,1
41600.0,48794890,19
41600.0,668037874,1
41620.0,48794890,19
41620.0,668037874,1
41640.0,48794890,19
41640.0,668037874,1
41660.0,48794890,19
41660.0,668037874,1
41680.0,48794890,19
41680.0,668037874,1
41700.0,48794890,19
41700.0,668037874,1
41720.0,48794890,19
41720.0,668037874,1
41740.0,48794890,19
41740.0,668037874,1
41760.0,48794890,19
41760.0,668037874,1
41780.0,48794890,19
41780.0,668037874,1
41800.0,48794890,19
41800.0,668037874,1
41820.0,48794890,19
41820.0,668037874,1
41840.0,196961377#0,1
41840.0,48794890,18
41840.0,668037874,1
41860.0,48794890,18
41860.0,668037874,1
41880.0,48794890,18
41880.0,668037874,1
41900.0,48794890,18
41900.0,668037874,1
41920.0,48794890,18
41920.0,668037874,1
41940.0,48794890,18
41940.0,668037874,1
41960.0,48794890,18
41960.0,668037874,1
41980.0,48794890,18
41980.0,668037874,1
42000.0,48794890,18
42000.0,668037874,1
42020.0,48794890,18
42020.0,668037874,1
42040.0,48794890,18
42040.0,668037874,1
42060.0,48794890,18
42060.0,668037874,1
42080.0,48794890,18
42080.0,668037874,1
42100.0,48794890,18
42100.0,668037874,1
42120.0,48794890,18
42120.0,668037874,1
42140.0,196961377#0,1
42140.0,48794890,17
42140.0,668037874,1
42160.0,48794890,17
42160.0,668037874,1
42180.0,48794890,17
42180.0,668037874,1
42200.0,48794890,17
42200.0,668037874,1
42220.0,48794890,17
42220.0,668037874,1
42240.0,48794890,17
42240.0,668037874,1
42260.0,48794890,17
42260.0,668037874,1
42280.0,48794890,17
42280.0,668037874,1
42300.0,48794890,17
42300.0,668037874,1
42320.0,48794890,17
42320.0,668037874,1
42340.0,48794890,17
42340.0,668037874,1
42360.0,48794890,17
42360.0,668037874,1
42380.0,48794890,17
42380.0,668037874,1
42400.0,48794890,17
42400.0,668037874,1
42420.0,48794890,17
42420.0,668037874,1
42440.0,196961377#0,1
42440.0,48794890,16
42440.0,668037874,1
42460.0,48794890,16
42460.0,668037874,1
42480.0,48794890,16
42480.0,668037874,1
42500.0,48794890,16
42500.0,668037874,1
42520.0,48794890,16
42520.0,668037874,1
42540.0,48794890,16
42540.0,668037874,1
42560.0,48794890,16
42560.0,668037874,1
42580.0,48794890,16
42580.0,668037874,1
42600.0,48794890,16
42600.0,668037874,1
42620.0,48794890,16
42620.0,668037874,1
42640.0,48794890,16
42640.0,668037874,1
42660.0,48794890,16
42660.0,668037874,1
42680.0,48794890,16
42680.0,668037874,1
42700.0,48794890,16
42700.0,668037874,1
42720.0,48794890,16
42720.0,668037874,1
42740.0,48794890,16
42740.0,668037874,1
42760.0,196961377#0,1
42760.0,48794890,15
42760.0,668037874,1
42780.0,48794890,15
42780.0,668037874,1
42800.0,48794890,15
42800.0,668037874,1
42820.0,48794890,15
42820.0,668037874,1
42840.0,48794890,15
42840.0,668037874,1
42860.0,48794890,15
42860.0,668037874,1
42880.0,48794890,15
42880.0,668037874,1
42900.0,48794890,15
42900.0,668037874,1
42920.0,48794890,15
42920.0,668037874,1
42940.0,48794890,15
42940.0,668037874,1
42960.0,48794890,15
42960.0,668037874,1
42980.0,48794890,15
42980.0,668037874,1
43000.0,48794890,15
43000.0,668037874,1
43020.0,48794890,15
43020.0,668037874,1
43040.0,48794890,15
43040.0,668037874,1
43060.0,196961377#0,1
43060.0,48794890,14
43060.0,668037874,1
43080.0,48794890,14
43080.0,668037874,1
43100.0,48794890,14
43100.0,668037874,1
43120.0,48794890,14
43120.0,668037874,1
43140.0,48794890,14
43140.0,668037874,1
43160.0,48794890,14
43160.0,668037874,1
43180.0,48794890,14
43180.0,668037874,1
43200.0,48794890,14
43200.0,668037874,1
43220.0,48794890,14
43220.0,668037874,1
43240.0,48794890,14
43240.0,668037874,1
43260.0,48794890,14
43260.0,668037874,1
43280.0,48794890,14
43280.0,668037874,1
43300.0,48794890,14
43300.0,668037874,1
43320.0,48794890,14
43320.0,668037874,1
43340.0,48794890,14
43340.0,668037874,1
43360.0,196961377#0,1
43360.0,48794890,13
43360.0,668037874,1
43380.0,48794890,13
43380.0,668037874,1
43400.0,48794890,13
43400.0,668037874,1
43420.0,48794890,13
43420.0,668037874,1
43440.0,48794890,13
43440.0,668037874,1
43460.0,48794890,13
43460.0,668037874,1
43480.0,48794890,13
43480.0,668037874,1
43500.0,48794890,13
43500.0,668037874,1
43520.0,48794890,13
43520.0,668037874,1
43540.0,48794890,13
43540.0,668037874,1
43560.0,48794890,13
43560.0,668037874,1
43580.0,48794890,13
43580.0,668037874,1
43600.0,48794890,13
43600.0,668037874,1
43620.0,48794890,13
43620.0,668037874,1
43640.0,48794890,13
43640.0,668037874,1
43660.0,196961377#0,1
43660.0,48794890,12
43660.0,668037874,1
43680.0,48794890,12
43680.0,668037874,1
43700.0,48794890,12
43700.0,668037874,1
43720.0,48794890,12
43720.0,668037874,1
43740.0,48794890,12
43740.0,668037874,1
43760.0,48794890,12
43760.0,668037874,1
43780.0,48794890,12
43780.0,668037874,1
43800.0,48794890,12
43800.0,668037874,1
43820.0,48794890,12
43820.0,668037874,1
43840.0,48794890,12
43840.0,668037874,1
43860.0,48794890,12
43860.0,668037874,1
43880.0,48794890,12
43880.0,668037874,1
43900.0,48794890,12
43900.0,668037874,1
43920.0,48794890,12
43920.0,668037874,1
43940.0,48794890,12
43940.0,668037874,1
43960.0,48794890,12
43960.0,668037874,1
43980.0,48794890,11
43980.0,668037874,1
44000.0,48794890,11
44000.0,668037874,1
44020.0,48794890,11
44020.0,668037874,1
44040.0,48794890,11
44040.0,668037874,1
44060.0,48794890,11
44060.0,668037874,1
44080.0,48794890,11
44080.0,668037874,1
44100.0,48794890,11
44100.0,668037874,1
44120.0,48794890,11
44120.0,668037874,1
44140.0,48794890,11
44140.0,668037874,1
44160.0,48794890,11
44160.0,668037874,1
44180.0,48794890,11
44180.0,668037874,1
44200.0,48794890,11
44200.0,668037874,1
44220.0,48794890,11
44220.0,668037874,1
44240.0,48794890,11
44240.0,668037874,1
44260.0,48794890,11
44260.0,668037874,1
44280.0,196961377#0,1
44280.0,48794890,10
44280.0,668037874,1
44300.0,48794890,10
44300.0,668037874,1
44320.0,48794890,10
44320.0,668037874,1
44340.0,48794890,10
44340.0,668037874,1
44360.0,48794890,10
44360.0,668037874,1
44380.0,48794890,10
44380.0,668037874,1
44400.0,48794890,10
44400.0,668037874,1
44420.0,48794890,10
44420.0,668037874,1
44440.0,48794890,10
44440.0,668037874,1
44460.0,48794890,10
44460.0,668037874,1
44480.0,48794890,10
44480.0,668037874,1
44500.0,48794890,10
44500.0,668037874,1
44520.0,48794890,10
44520.0,668037874,1
44540.0,48794890,10
44540.0,668037874,1
44560.0,48794890,10
44560.0,668037874,1
44580.0,196961377#0,1
44580.0,48794890,9
44580.0,668037874,1
44600.0,48794890,9
44600.0,668037874,1
44620.0,48794890,9
44620.0,668037874,1
44640.0,48794890,9
44640.0,668037874,1
44660.0,48794890,9
44660.0,668037874,1
44680.0,48794890,9
44680.0,668037874,1
44700.0,48794890,9
44700.0,668037874,1
44720.0,48794890,9
44720.0,668037874,1
44740.0,48794890,9
44740.0,668037874,1
44760.0,48794890,9
44760.0,668037874,1
44780.0,48794890,9
44780.0,668037874,1
44800.0,48794890,9
44800.0,668037874,1
44820.0,48794890,9
44820.0,668037874,1
44840.0,48794890,9
44840.0,668037874,1
44860.0,48794890,9
44860.0,668037874,1
44880.0,196961377#0,1
44880.0,48794890,8
44880.0,668037874,1
44900.0,48794890,8
44900.0,668037874,1
44920.0,48794890,8
44920.0,668037874,1
44940.0,48794890,8
44940.0,668037874,1
44960.0,48794890,8
44960.0,668037874,1
44980.0,48794890,8
44980.0,668037874,1
45000.0,48794890,8
45000.0,668037874,1
45020.0,48794890,8
45020.0,668037874,1
45040.0,48794890,8
45040.0,668037874,1
45060.0,48794890,8
45060.0,668037874,1
45080.0,48794890,8
45080.0,668037874,1
45100.0,48794890,8
45100.0,668037874,1
45120.0,48794890,8
45120.0,668037874,1
45140.0,48794890,8
45140.0,668037874,1
45160.0,48794890,8
45160.0,668037874,1
45180.0,48794890,8
45180.0,668037874,1
45200.0,48794890,7
45200.0,668037874,1
45220.0,48794890,7
45220.0,668037874,1
45240.0,48794890,7
45240.0,668037874,1
45260.0,48794890,7
45260.0,668037874,1
45280.0,48794890,7
45280.0,668037874,1
45300.0,48794890,7
45300.0,668037874,1
45320.0,48794890,7
45320.0,668037874,1
45340.0,48794890,7
45340.0,668037874,1
45360.0,48794890,7
45360.0,668037874,1
45380.0,48794890,7
45380.0,668037874,1
45400.0,48794890,7
45400.0,668037874,1
45420.0,48794890,7
45420.0,668037874,1
45440.0,48794890,7
45440.0,668037874,1
45460.0,48794890,7
45460.0,668037874,1
45480.0,48794890,7
45480.0,668037874,1
45500.0,196961377#0,1
45500.0,48794890,6
45500.0,668037874,1
45520.0,48794890,6
45520.0,668037874,1
45540.0,48794890,6
45540.0,668037874,1
45560.0,48794890,6
45560.0,668037874,1
45580.0,48794890,6
45580.0,668037874,1
45600.0,48794890,6
45600.0,668037874,1
45620.0,48794890,6
45620.0,668037874,1
45640.0,48794890,6
45640.0,668037874,1
45660.0,48794890,6
45660.0,668037874,1
45680.0,48794890,6
45680.0,668037874,1
45700.0,48794890,6
45700.0,668037874,1
45720.0,48794890,6
45720.0,668037874,1
45740.0,48794890,6
45740.0,668037874,1
45760.0,48794890,6
45760.0,668037874,1
45780.0,48794890,6
45780.0,668037874,1
45800.0,196961377#0,1
45800.0,48794890,5
45800.0,668037874,1
45820.0,48794890,5
45820.0,668037874,1
45840.0,48794890,5
45840.0,668037874,1
45860.0,48794890,5
45860.0,668037874,1
45880.0,48794890,5
45880.0,668037874,1
45900.0,48794890,5
45900.0,668037874,1
45920.0,48794890,5
45920.0,668037874,1
45940.0,48794890,5
45940.0,668037874,1
45960.0,48794890,5
45960.0,668037874,1
45980.0,48794890,5
45980.0,668037874,1
46000.0,48794890,5
46000.0,668037874,1
46020.0,48794890,5
46020.0,668037874,1
46040.0,48794890,5
46040.0,668037874,1
46060.0,48794890,5
46060.0,668037874,1
46080.0,48794890,5
46080.0,668037874,1
46100.0,196961377#0,1
46100.0,48794890,4
46100.0,668037874,1
46120.0,48794890,4
46120.0,668037874,1
46140.0,48794890,4
46140.0,668037874,1
46160.0,48794890,4
46160.0,668037874,1
46180.0,48794890,4
46180.0,668037874,1
46200.0,48794890,4
46200.0,668037874,1
46220.0,48794890,4
46220.0,668037874,1
46240.0,48794890,4
46240.0,668037874,1
46260.0,48794890,4
46260.0,668037874,1
46280.0,48794890,4
46280.0,668037874,1
46300.0,48794890,4
46300.0,668037874,1
46320.0,48794890,4
46320.0,668037874,1
46340.0,48794890,4
46340.0,668037874,1
46360.0,48794890,4
46360.0,668037874,1
46380.0,48794890,4
46380.0,668037874,1
46400.0,48794890,4
46400.0,668037874,1
46420.0,48794890,3
46420.0,668037874,1
46440.0,48794890,3
46440.0,668037874,1
46460.0,48794890,3
46460.0,668037874,1
46480.0,48794890,3
46480.0,668037874,1
46500.0,48794890,3
46500.0,668037874,1
46520.0,48794890,3
46520.0,668037874,1
46540.0,48794890,3
46540.0,668037874,1
46560.0,48794890,3
46560.0,668037874,1
46580.0,48794890,3
46580.0,668037874,1
46600.0,48794890,3
46600.0,668037874,1
46620.0,48794890,3
46620.0,668037874,1
46640.0,48794890,3
46640.0,668037874,1
46660.0,48794890,3
46660.0,668037874,1
46680.0,48794890,3
46680.0,668037874,1
46700.0,48794890,3
46700.0,668037874,1
46720.0,196961377#0,1
46720.0,48794890,2
46720.0,668037874,1
46740.0,48794890,2
46740.0,668037874,1
46760.0,48794890,2
46760.0,668037874,1
46780.0,48794890,2
46780.0,668037874,1
46800.0,48794890,2
46800.0,668037874,1
46820.0,48794890,2
46820.0,668037874,1
46840.0,48794890,2
46840.0,668037874,1
46860.0,48794890,2
46860.0,668037874,1
46880.0,48794890,2
46880.0,668037874,1
46900.0,48794890,2
46900.0,668037874,1
46920.0,48794890,2
46920.0,668037874,1
46940.0,48794890,2
46940.0,668037874,1
46960.0,48794890,2
46960.0,668037874,1
46980.0,48794890,2
46980.0,668037874,1
47000.0,48794890,2
47000.0,668037874,1
47020.0,196961377#0,1
47020.0,48794890,1
47020.0,668037874,1
47040.0,48794890,1
47040.0,668037874,1
47060.0,48794890,1
47060.0,668037874,1
47080.0,48794890,1
47080.0,668037874,1
47100.0,48794890,1
47100.0,668037874,1
47120.0,48794890,1
47120.0,668037874,1
47140.0,48794890,1
47140.0,668037874,1
47160.0,48794890,1
47160.0,668037874,1
47180.0,48794890,1
47180.0,668037874,1
47200.0,48794890,1
47200.0,668037874,1
47220.0,48794890,1
47220.0,668037874,1
47240.0,48794890,1
47240.0,668037874,1
47260.0,48794890,1
47260.0,668037874,1
47280.0,48794890,1
47280.0,668037874,1
47300.0,48794890,1
47300.0,668037874,1
47320.0,196961377#0,1
47320.0,668037874,1
47340.0,668037874,1
47360.0,668037874,1
47380.0,668037874,1
47400.0,668037874,1
47420.0,668037874,1
47440.0,668037874,1
47460.0,668037874,1
47480.0,668037874,1
47500.0,668037874,1
47520.0,668037874,1
47540.0,668037874,1
47560.0,668037874,1
47580.0,668037874,1
47600.0,668037874,1
47620.0,668037874,1
