time,edge_id,vehicle_count
60.0,-1334905223#2,3
60.0,-49073264#1,1
60.0,-49695726,4
60.0,-51362430,1
60.0,-545977624#2,2
60.0,-593847703#3,4
60.0,-593847704#2,10
60.0,1068234498#0,4
60.0,1068440001,1
60.0,1068440006#0,2
60.0,1239087513,1
60.0,182336886,1
60.0,182336887#2,1
60.0,196961215#0,10
60.0,196961377#0,14
60.0,196961377#3,5
60.0,196961378#1,4
60.0,196961379#0,1
60.0,232003903#0,1
60.0,244450512#5,2
60.0,268564473#0,1
60.0,288878926#0,2
60.0,288878927,1
60.0,30620492#0,3
60.0,30620492#1,3
60.0,353392316#0,1
60.0,48794887#0,8
60.0,49695726,3
60.0,49695733#2,1
60.0,506322841#1,4
60.0,506322851#0,6
60.0,51362429#0,2
60.0,51362431,2
60.0,593842812#0,1
60.0,593842812#2,6
60.0,593847702#3,1
60.0,593847703#0,1
60.0,593849711#0,2
60.0,593849711#2,4
60.0,593852345#0,2
60.0,593852346,1
60.0,594658762#0,1
60.0,:11510670762_0,1
60.0,:619136999_2,1
60.0,:622618112_0,1
60.0,:655375232_6,1
60.0,:655375233_0,1
60.0,:656132499_0,1
60.0,:cluster_5372642442_631668976_631668981_631669076_12,3
60.0,:cluster_623980147_623980152_3,2
60.0,E0,3
80.0,-49073264#1,1
80.0,-49695726,4
80.0,-545977624#2,3
80.0,-593847703#3,4
80.0,-593847704#2,13
80.0,-594658757#2,1
80.0,1068234498#0,3
80.0,1068234499#0,4
80.0,1068440001,2
80.0,1068440006#0,2
80.0,1239087513,1
80.0,182336886,1
80.0,196961215#0,8
80.0,196961215#2,2
80.0,196961377#0,16
80.0,196961377#3,11
80.0,232003903#0,3
80.0,241518668#0,1
80.0,244450512#4,1
80.0,244450512#5,2
80.0,261898534,1
80.0,263217603#0,1
80.0,268564473#0,2
80.0,288135626#0,3
80.0,288878926#0,3
80.0,30620492#0,3
80.0,30620492#1,2
80.0,336063376#0,1
80.0,353392316#0,1
80.0,48794887#0,9
80.0,49073272#1,1
80.0,49073272#4,1
80.0,49073274,1
80.0,49695726,3
80.0,49695733#2,1
80.0,506322840#0,1
80.0,506322841#1,4
80.0,506322841#3,1
80.0,506322851#0,5
80.0,51289045#1,1
80.0,51289045#3,2
80.0,51362359#0,1
80.0,51362429#0,6
80.0,51362431,2
80.0,593842812#0,1
80.0,593842812#2,8
80.0,593844216#0,2
80.0,593847702#3,1
80.0,593847703#0,7
80.0,593852345#0,5
80.0,594658762#0,2
80.0,906806086#0,1
80.0,:11510670762_0,1
80.0,:2444664370_0,1
80.0,:2749340167_0,1
80.0,:622618108_1,1
80.0,:622618112_0,1
80.0,:655375233_0,1
80.0,:655375245_0,1
80.0,:cluster_3208478133_655375293_655375296_9631728504_#1more_14,2
80.0,:cluster_623980090_623980094_1,1
80.0,:cluster_623980147_623980152_6,1
80.0,:cluster_9383263990_9383263991_9383263992_9383263993_10,2
80.0,:cluster_9383263990_9383263991_9383263992_9383263993_21,1
80.0,E0,3
100.0,-1334905223#2,1
100.0,-260882327,1
100.0,-49073264#1,1
100.0,-49695726,4
100.0,-51362430,2
100.0,-545977624#2,1
100.0,-593847703#3,2
100.0,-593847704#2,16
100.0,-594658757#2,1
100.0,1068234498#0,7
100.0,1068234499#0,2
100.0,1068440001,3
100.0,1068440006#0,2
100.0,1239087513,1
100.0,182334378#0,2
100.0,182336886,1
100.0,196961215#0,4
100.0,196961215#2,3
100.0,196961377#0,23
100.0,196961377#3,5
100.0,232003903#0,3
100.0,241518668#0,1
100.0,244450512#4,1
100.0,244450512#5,2
100.0,268564473#0,4
100.0,288878926#0,4
100.0,30620492#0,1
100.0,336063376#0,2
100.0,48794887#0,10
100.0,49073272#0,1
100.0,49073272#3,1
100.0,49073272#4,2
100.0,49695726,3
100.0,49695733#2,1
100.0,49695736#0,3
100.0,506322840#0,1
100.0,506322841#1,4
100.0,506322851#0,5
100.0,51289045#3,1
100.0,51289045#5,1
100.0,51362429#0,7
100.0,51362431,3
100.0,545977624#0,2
100.0,593842812#2,1
100.0,593844221#0,1
100.0,593847702#3,1
100.0,593847703#0,8
100.0,593847704#0,1
100.0,593849711#0,1
100.0,593849711#2,1
100.0,593849718#0,3
100.0,593852345#0,8
100.0,593852346,2
100.0,594658762#0,1
100.0,:11510670762_0,1
100.0,:3086736518_9,1
100.0,:3208478121_1,1
100.0,:3208478128_0,1
100.0,:619137000_1,1
100.0,:622618144_4,1
100.0,:622618230_6,1
100.0,:655375233_5,2
100.0,:655375336_29,4
100.0,:cluster_2528018119_655375236_16,1
100.0,:cluster_2528018119_655375236_23,1
100.0,:cluster_2528018119_655375236_6,1
100.0,:cluster_3208478133_655375293_655375296_9631728504_#1more_1,2
100.0,:cluster_623980090_623980094_1,1
100.0,:cluster_623980147_623980152_14,1
100.0,:cluster_9383263990_9383263991_9383263992_9383263993_10,2
100.0,:cluster_9383263990_9383263991_9383263992_9383263993_21,1
100.0,E0,3
120.0,-260882327,1
120.0,-49073264#1,2
120.0,-49695726,5
120.0,-51362429#1,2
120.0,-51362430,1
120.0,-545977624#2,4
120.0,-593847703#3,1
120.0,-593847704#2,20
120.0,-594658757#2,1
120.0,1068234498#0,2
120.0,1068440001,5
120.0,1068440006#0,2
120.0,1239087513,1
120.0,182334378#0,2
120.0,182334379#0,3
120.0,182336886,1
120.0,196961215#0,8
120.0,196961377#0,21
120.0,196961377#3,3
120.0,196961378#1,2
120.0,196961379#0,1
120.0,198001764#0,1
120.0,232003903#0,3
120.0,241518668#0,2
120.0,244450512#5,2
120.0,268564473#0,6
120.0,288135626#0,7
120.0,288878926#0,3
120.0,30620492#0,2
120.0,30620492#1,2
120.0,48794887#0,8
120.0,49073272#0,1
120.0,49073272#4,3
120.0,49695726,3
120.0,49695733#2,1
120.0,49695736#0,4
120.0,506322841#1,3
120.0,506322851#0,5
120.0,51289045#3,1
120.0,51362429#0,9
120.0,51362431,4
120.0,593847702#0,1
120.0,593847703#0,7
120.0,593847704#0,4
120.0,593849711#0,1
120.0,593849711#2,1
120.0,593849718#0,2
120.0,593852345#0,8
120.0,593852346,2
120.0,594658762#0,1
120.0,:11510670762_0,1
120.0,:1926948273_0,1
120.0,:3086736518_9,1
120.0,:3208478121_1,1
120.0,:3208478128_0,2
120.0,:619136999_2,1
120.0,:622618197_0,1
120.0,:655375233_5,1
120.0,:655375336_29,1
120.0,:cluster_2528018119_655375236_2,1
120.0,:cluster_3208478133_655375293_655375296_9631728504_#1more_1,1
120.0,:cluster_5372642442_631668976_631668981_631669076_12,1
120.0,:cluster_619136929_619136942_8,1
120.0,:cluster_623980090_623980094_5,1
120.0,:cluster_623980147_623980152_14,1
120.0,E0,3
140.0,-49073264#1,2
140.0,-49695726,5
140.0,-51362430,2
140.0,-545977624#2,4
140.0,-593847703#3,1
140.0,-593847704#2,19
140.0,-594658757#2,3
140.0,1068234498#0,4
140.0,1068234499#0,8
140.0,1068440001,5
140.0,182334378#0,2
140.0,182334379#0,6
140.0,182336886,1
140.0,196961215#0,14
140.0,196961377#0,12
140.0,196961377#3,7
140.0,196961378#1,5
140.0,196961379#0,1
140.0,232003903#0,3
140.0,244450512#5,2
140.0,268564473#0,1
140.0,288135626#0,1
140.0,288878926#0,4
140.0,288878927,2
140.0,30620492#0,1
140.0,30620492#1,3
140.0,314800955,1
140.0,353392316#0,4
140.0,48794887#0,9
140.0,49073226#2,2
140.0,49073272#0,1
140.0,49073272#4,1
140.0,49695726,3
140.0,49695733#2,2
140.0,49695736#0,5
140.0,506322841#1,4
140.0,506322851#0,5
140.0,51289045#3,1
140.0,51362429#0,9
140.0,51362431,5
140.0,593842812#0,1
140.0,593842812#2,2
140.0,593844221#0,1
140.0,593847704#0,1
140.0,593849711#0,1
140.0,593849711#2,6
140.0,593849718#0,3
140.0,593849721,1
140.0,593852345#0,2
140.0,593852346,1
140.0,594658762#0,2
140.0,:11510670762_0,1
140.0,:2444664370_0,1
140.0,:3086736518_7,1
140.0,:3208478121_1,1
140.0,:3208478128_0,2
140.0,:619136999_2,1
140.0,:622618108_0,1
140.0,:622618144_4,1
140.0,:655375233_0,1
140.0,:655375245_1,1
140.0,:656132498_0,1
140.0,:cluster_2528018119_655375236_2,2
140.0,:cluster_3208478133_655375293_655375296_9631728504_#1more_8,1
140.0,:cluster_3431431575_4777363357_655375231_6982059025_12,1
140.0,:cluster_3431431575_4777363357_655375231_6982059025_3,1
140.0,:cluster_623980147_623980152_3,2
140.0,:cluster_9383263990_9383263991_9383263992_9383263993_10,1
140.0,:cluster_9383263990_9383263991_9383263992_9383263993_21,1
140.0,E0,3
160.0,-300077497#8,1
160.0,-49073264#1,2
160.0,-49695726,4
160.0,-51362430,1
160.0,-545977624#2,3
160.0,-593847703#3,1
160.0,-593847704#2,9
160.0,-594658757#2,3
160.0,1068234498#0,4
160.0,1068234499#0,8
160.0,1068440001,2
160.0,182334378#0,2
160.0,182334379#0,2
160.0,182336886,1
160.0,182336887#0,1
160.0,182336887#2,1
160.0,196961215#0,10
160.0,196961215#2,2
160.0,196961377#0,15
160.0,196961377#3,11
160.0,196961379#0,1
160.0,198001764#0,1
160.0,232003903#0,3
160.0,241518668#0,4
160.0,244450512#1,1
160.0,244450512#4,1
160.0,244450512#5,2
160.0,268564473#0,3
160.0,288135626#0,2
160.0,288135628#0,3
160.0,288878926#0,3
160.0,30620492#0,2
160.0,353392316#0,4
160.0,48794887#0,9
160.0,49073272#4,2
160.0,49695726,2
160.0,49695733#2,2
160.0,49695736#0,2
160.0,506322841#1,3
160.0,506322851#0,6
160.0,51362359#0,1
160.0,51362429#0,9
160.0,51362431,5
160.0,51392936#0,1
160.0,593842812#2,8
160.0,593844221#0,2
160.0,593847703#0,10
160.0,593849711#2,10
160.0,593852345#0,5
160.0,593852346,1
160.0,594658762#0,1
160.0,906806086#0,1
160.0,:11510670762_0,1
160.0,:2444664370_0,1
160.0,:3086736518_7,1
160.0,:3208478128_0,2
160.0,:622618108_8,1
160.0,:622618144_4,1
160.0,:631668826_0,1
160.0,:655375233_0,1
160.0,:656132414_2,1
160.0,:cluster_2528018119_655375236_16,3
160.0,:cluster_2528018119_655375236_7,1
160.0,:cluster_3208478133_655375293_655375296_9631728504_#1more_8,5
160.0,:cluster_5372642442_631668976_631668981_631669076_1,3
160.0,:cluster_5372642442_631668976_631668981_631669076_12,2
160.0,:cluster_623980090_623980094_1,2
160.0,:cluster_623980147_623980152_6,1
160.0,:cluster_9383263990_9383263991_9383263992_9383263993_10,1
160.0,E0,3
180.0,-1334905223#2,1
180.0,-49073264#1,2
180.0,-49695726,5
180.0,-51362430,1
180.0,-545977624#2,3
180.0,-593847703#3,5
180.0,-593847704#2,9
180.0,-594658757#2,3
180.0,1068234498#0,3
180.0,1068234499#0,4
180.0,1068440001,5
180.0,182334378#0,5
180.0,182336886,1
180.0,196961215#0,10
180.0,196961215#2,4
180.0,196961377#0,22
180.0,196961377#3,11
180.0,232003903#0,3
180.0,241518668#0,3
180.0,244450512#4,2
180.0,244450512#5,2
180.0,268564473#0,4
180.0,288135626#0,4
180.0,288878926#0,3
180.0,30620492#0,3
180.0,30620492#1,3
180.0,314800955,1
180.0,336063376#0,2
180.0,353392316#0,2
180.0,48794887#0,8
180.0,49073272#0,1
180.0,49073272#3,1
180.0,49073272#4,2
180.0,49695726,3
180.0,49695733#2,2
180.0,506322841#1,4
180.0,506322848#0,1
180.0,506322851#0,5
180.0,51362429#0,9
180.0,51362431,6
180.0,51392936#0,1
180.0,593842812#2,11
180.0,593844221#0,2
180.0,593847703#0,17
180.0,593849711#0,1
180.0,593849711#2,12
180.0,593849715,1
180.0,593852345#0,8
180.0,593852346,1
180.0,594658762#0,1
180.0,:11510670762_0,1
180.0,:2444664370_0,1
180.0,:3208478128_0,2
180.0,:622618108_1,1
180.0,:622618144_4,1
180.0,:cluster_2528018119_655375236_23,1
180.0,:cluster_2528018119_655375236_7,1
180.0,:cluster_3208478133_655375293_655375296_9631728504_#1more_8,5
180.0,:cluster_3431431575_4777363357_655375231_6982059025_12,1
180.0,:cluster_5372642442_631668976_631668981_631669076_10,1
180.0,:cluster_5372642442_631668976_631668981_631669076_25,1
180.0,:cluster_623980090_623980094_1,2
180.0,:cluster_623980147_623980152_3,1
180.0,E0,3
200.0,-49073264#1,2
200.0,-49695726,5
200.0,-545977624#2,3
200.0,-593847703#3,10
200.0,-593847704#2,12
200.0,-594658757#2,3
200.0,1068234498#0,7
200.0,1068234499#0,2
200.0,1068440001,6
200.0,182334378#0,8
200.0,182336886,1
200.0,196961215#0,16
200.0,196961215#2,4
200.0,196961377#0,27
200.0,196961377#3,11
200.0,232003903#0,3
200.0,244450512#4,2
200.0,244450512#5,2
200.0,268564473#0,2
200.0,288878926#0,1
200.0,30620492#0,2
200.0,30620492#1,2
200.0,336063376#0,1
200.0,353392316#0,2
200.0,484988952#0,1
200.0,48794887#0,9
200.0,49073272#0,1
200.0,49073272#1,1
200.0,49073272#3,3
200.0,49073272#4,1
200.0,49695726,4
200.0,49695733#2,2
200.0,506322840#0,3
200.0,506322841#1,4
200.0,506322851#0,6
200.0,51362429#0,8
200.0,51362431,7
200.0,51392936#0,1
200.0,593842812#0,1
200.0,593842812#2,13
200.0,593844221#0,2
200.0,593847703#0,17
200.0,593849711#0,2
200.0,593849711#2,14
200.0,593849715,1
200.0,593852345#0,9
200.0,593852346,1
200.0,594658762#0,2
200.0,:11510670762_0,1
200.0,:3208478128_0,2
200.0,:622618015_0,1
200.0,:622618230_1,1
200.0,:655375232_0,1
200.0,:655375241_0,1
200.0,:655375245_0,1
200.0,:cluster_2528018119_655375236_6,1
200.0,:cluster_3208478133_655375293_655375296_9631728504_#1more_8,5
200.0,:cluster_623980090_623980094_1,1
200.0,:cluster_623980090_623980094_5,2
200.0,:cluster_623980147_623980152_14,1
200.0,:cluster_9383263990_9383263991_9383263992_9383263993_10,2
200.0,:cluster_9383263990_9383263991_9383263992_9383263993_21,1
200.0,E0,3
220.0,-49695726,5
220.0,-51362430,1
220.0,-545977624#2,5
220.0,-593847703#3,12
220.0,-593847704#2,14
220.0,-594658757#2,3
220.0,-E0,2
220.0,1068234498#0,3
220.0,1068234499#0,2
220.0,1068440001,6
220.0,1068440004#1,2
220.0,1068440006#0,5
220.0,182334378#0,4
220.0,182334379#0,1
220.0,182336887#2,1
220.0,196961215#0,23
220.0,196961377#0,27
220.0,196961377#3,11
220.0,196961378#1,4
220.0,196961379#0,1
220.0,232003903#0,3
220.0,241518668#0,2
220.0,244450512#4,2
220.0,244450512#5,2
220.0,263217603#0,1
220.0,268564473#0,4
220.0,288135626#0,5
220.0,288878926#0,3
220.0,30620492#0,3
220.0,30620492#1,1
220.0,314800955,1
220.0,353392316#0,2
220.0,420578931#1,1
220.0,484988952#0,1
220.0,48794887#0,10
220.0,49073272#1,2
220.0,49073272#3,1
220.0,49073272#4,4
220.0,49073274,1
220.0,49695726,2
220.0,49695733#2,2
220.0,506322840#0,2
220.0,506322841#1,3
220.0,506322851#0,6
220.0,51362429#0,4
220.0,51362431,9
220.0,593842812#2,14
220.0,593844221#0,2
220.0,593847703#0,13
220.0,593849711#0,3
220.0,593849711#2,15
220.0,593852345#0,6
220.0,593852346,1
220.0,594658762#0,2
220.0,:11510670762_0,1
220.0,:2081945236_2,1
220.0,:3086736518_16,1
220.0,:3208478128_0,2
220.0,:619137000_1,2
220.0,:631668826_0,1
220.0,:655375232_1,1
220.0,:655375240_7,1
220.0,:655375336_7,1
220.0,:656132499_0,1
220.0,:cluster_2528018119_655375236_2,3
220.0,:cluster_3208478133_655375293_655375296_9631728504_#1more_11,4
220.0,:cluster_3208478133_655375293_655375296_9631728504_#1more_14,1
220.0,:cluster_3208478133_655375293_655375296_9631728504_#1more_8,5
220.0,:cluster_3431431575_4777363357_655375231_6982059025_3,1
220.0,:cluster_4374470814_4374470816_656132411_656132475_8,1
220.0,:cluster_5372642442_631668976_631668981_631669076_12,1
220.0,:cluster_623980090_623980094_5,1
220.0,:cluster_9383263990_9383263991_9383263992_9383263993_10,1
220.0,E0,5
240.0,-1334905223#2,1
240.0,-49695726,5
240.0,-51362430,2
240.0,-545977624#2,2
240.0,-593847703#3,12
240.0,-593847704#2,16
240.0,-594658757#2,3
240.0,-E0,4
240.0,1068234498#0,5
240.0,1068234499#0,9
240.0,1068440001,7
240.0,1068440004#1,5
240.0,1068440006#0,7
240.0,182334379#0,8
240.0,182336886,1
240.0,182336887#2,1
240.0,196961215#0,23
240.0,196961215#2,3
240.0,196961377#0,27
240.0,196961377#3,11
240.0,196961378#1,1
240.0,196961379#0,1
240.0,232003903#0,3
240.0,244450512#4,2
240.0,244450512#5,2
240.0,268564473#0,2
240.0,288135628#0,1
240.0,30620492#0,2
240.0,30620492#1,1
240.0,48794887#0,9
240.0,49073272#4,9
240.0,49073274,1
240.0,49695726,3
240.0,49695733#2,2
240.0,506322840#0,1
240.0,506322841#1,4
240.0,506322851#0,6
240.0,506322853#0,1
240.0,51289045#3,1
240.0,51362429#0,3
240.0,51362431,10
240.0,593842812#0,6
240.0,593842812#2,14
240.0,593844221#0,1
240.0,593847703#0,7
240.0,593849711#0,4
240.0,593849711#2,17
240.0,593849715,1
240.0,593849721,1
240.0,593852345#0,4
240.0,593852346,1
240.0,594658762#0,1
240.0,:11510670762_0,1
240.0,:2749340167_0,1
240.0,:3086736518_0,1
240.0,:3208478128_0,2
240.0,:622618230_6,1
240.0,:655375232_0,1
240.0,:655375336_29,1
240.0,:cluster_2528018119_655375236_2,2
240.0,:cluster_3208478133_655375293_655375296_9631728504_#1more_11,4
240.0,:cluster_3208478133_655375293_655375296_9631728504_#1more_14,1
240.0,:cluster_3208478133_655375293_655375296_9631728504_#1more_8,5
240.0,:cluster_623980090_623980094_1,2
240.0,:cluster_623980147_623980152_6,1
240.0,E0,11
260.0,-1334905223#2,2
260.0,-49695726,4
260.0,-51362430,2
260.0,-545977624#2,3
260.0,-593847703#3,12
260.0,-593847704#2,18
260.0,-594658757#2,4
260.0,-E0,4
260.0,1068234498#0,3
260.0,1068234499#0,9
260.0,1068440001,6
260.0,1068440004#1,5
260.0,1068440006#0,9
260.0,1239087513,1
260.0,1334904386#0,2
260.0,182334379#0,5
260.0,182336886,1
260.0,196961215#0,17
260.0,196961215#2,2
260.0,196961377#0,27
260.0,196961377#3,11
260.0,196961379#0,1
260.0,232003903#0,4
260.0,241518668#0,4
260.0,244450512#0,1
260.0,244450512#4,2
260.0,244450512#5,2
260.0,268564473#0,4
260.0,288135626#0,4
260.0,288135628#0,8
260.0,288878926#0,3
260.0,30620492#0,1
260.0,30620492#1,3
260.0,336063376#0,1
260.0,353392316#0,1
260.0,48794887#0,8
260.0,49073272#0,1
260.0,49073272#3,1
260.0,49073272#4,7
260.0,49695726,3
260.0,49695733#0,1
260.0,49695733#2,2
260.0,49695736#0,1
260.0,506322841#1,4
260.0,506322851#0,6
260.0,51289045#3,1
260.0,51362429#0,5
260.0,51362431,10
260.0,593842812#0,8
260.0,593842812#2,14
260.0,593844216#0,3
260.0,593844221#0,1
260.0,593849711#0,3
260.0,593849711#2,18
260.0,593852345#0,6
260.0,593852346,1
260.0,594658762#0,2
260.0,:11510670762_0,1
260.0,:3208478128_0,2
260.0,:622618108_1,1
260.0,:622618230_6,1
260.0,:655375232_4,1
260.0,:655375232_6,2
260.0,:655375241_0,1
260.0,:655375245_1,1
260.0,:655375336_47,1
260.0,:cluster_2528018119_655375236_2,2
260.0,:cluster_3208478133_655375293_655375296_9631728504_#1more_11,1
260.0,:cluster_3208478133_655375293_655375296_9631728504_#1more_14,1
260.0,:cluster_3208478133_655375293_655375296_9631728504_#1more_8,1
260.0,:cluster_3431431575_4777363357_655375231_6982059025_12,1
260.0,:cluster_3431431575_4777363357_655375231_6982059025_3,1
260.0,:cluster_5372642442_631668976_631668981_631669076_1,2
260.0,:cluster_5372642442_631668976_631668981_631669076_12,2
260.0,:cluster_619136929_619136942_8,1
260.0,:cluster_623980090_623980094_1,2
260.0,:cluster_623980147_623980152_14,1
260.0,:cluster_623980147_623980152_6,2
260.0,:cluster_9383263990_9383263991_9383263992_9383263993_10,2
260.0,E0,15
280.0,-1334905223#2,2
280.0,-260882327,1
280.0,-49695726,4
280.0,-51362430,3
280.0,-545977624#2,6
280.0,-593847703#3,12
280.0,-593847704#2,21
280.0,-594658757#2,6
280.0,-E0,4
280.0,1068234498#0,2
280.0,1068234499#0,8
280.0,1068440001,6
280.0,1068440004#1,5
280.0,1068440006#0,10
280.0,1239087513,1
280.0,1334904386#0,3
280.0,182334379#0,1
280.0,182336886,1
280.0,196961215#0,14
280.0,196961215#2,3
280.0,196961377#0,27
280.0,196961377#3,11
280.0,232003903#0,4
280.0,241518668#0,3
280.0,244450512#0,2
280.0,244450512#4,2
280.0,244450512#5,2
280.0,268564473#0,5
280.0,288135626#0,8
280.0,288135628#0,2
280.0,288878926#0,3
280.0,30620492#0,3
280.0,30620492#1,1
280.0,336063376#0,2
280.0,353392316#0,8
280.0,48794887#0,10
280.0,49073272#1,2
280.0,49073272#4,1
280.0,49695726,2
280.0,49695733#2,1
280.0,49695736#0,3
280.0,506322840#0,1
280.0,506322841#1,4
280.0,506322851#0,6
280.0,51289045#3,1
280.0,51362429#0,9
280.0,51362431,10
280.0,545977624#0,3
280.0,593842812#2,9
280.0,593844221#0,1
280.0,593847703#0,8
280.0,593849711#0,3
280.0,593849711#2,11
280.0,593852345#0,9
280.0,593852346,1
280.0,594658762#0,1
280.0,:11510670762_0,1
280.0,:2444664370_0,2
280.0,:3086736518_1,1
280.0,:3208478128_0,2
280.0,:3431431576_0,1
280.0,:622618108_0,1
280.0,:631668826_0,1
280.0,:655375232_6,1
280.0,:655375245_1,1
280.0,:655375336_29,5
280.0,:cluster_2528018119_655375236_16,2
280.0,:cluster_2528018119_655375236_6,1
280.0,:cluster_3208478133_655375293_655375296_9631728504_#1more_1,3
280.0,:cluster_3431431575_4777363357_655375231_6982059025_12,1
280.0,:cluster_3431431575_4777363357_655375231_6982059025_3,1
280.0,:cluster_5372642442_631668976_631668981_631669076_12,1
280.0,:cluster_619136929_619136942_8,1
280.0,:cluster_623980090_623980094_1,1
280.0,:cluster_623980147_623980152_14,2
280.0,:cluster_9383263990_9383263991_9383263992_9383263993_10,1
280.0,E0,15
300.0,-49695726,4
300.0,-51362430,6
300.0,-545977624#2,3
300.0,-593847703#3,18
300.0,-593847704#2,21
300.0,-594658757#2,6
300.0,-E0,4
300.0,1068234498#0,4
300.0,1068234499#0,6
300.0,1068440001,6
300.0,1068440004#1,5
300.0,1068440006#0,9
300.0,1239087513,1
300.0,1334904386#0,3
300.0,182334378#0,3
300.0,182334379#0,8
300.0,182336886,1
300.0,196961215#0,19
300.0,196961215#2,1
300.0,196961377#0,27
300.0,196961377#3,11
300.0,196961378#1,5
300.0,232003903#0,4
300.0,244450512#0,2
300.0,244450512#4,2
300.0,244450512#5,2
300.0,259080307#0,1
300.0,268564473#0,3
300.0,288135626#0,5
300.0,288135628#0,2
300.0,288878926#0,4
300.0,288878927,2
300.0,30620492#0,2
300.0,30620492#1,5
300.0,336063376#0,1
300.0,353392316#0,5
300.0,484988952#0,1
300.0,48794887#0,10
300.0,49073272#4,3
300.0,49695726,3
300.0,49695733#2,1
300.0,49695736#0,3
300.0,506322841#1,4
300.0,506322851#0,6
300.0,51362429#0,9
300.0,51362431,10
300.0,593842812#0,1
300.0,593842812#2,6
300.0,593844221#0,2
300.0,593847703#0,17
300.0,593849711#0,2
300.0,593849711#2,10
300.0,593852345#0,5
300.0,593852346,1
300.0,594658762#0,1
300.0,:11510670762_0,1
300.0,:1926948273_0,1
300.0,:2444664370_0,1
300.0,:3208478128_0,2
300.0,:622618108_0,1
300.0,:655375245_1,1
300.0,:655375336_1,1
300.0,:655375336_29,2
300.0,:cluster_3208478133_655375293_655375296_9631728504_#1more_1,2
300.0,:cluster_4374470814_4374470816_656132411_656132475_8,1
300.0,:cluster_5372642442_631668976_631668981_631669076_10,1
300.0,:cluster_5372642442_631668976_631668981_631669076_25,1
300.0,:cluster_623980090_623980094_5,1
300.0,:cluster_623980147_623980152_3,1
300.0,E0,15
320.0,-49695726,3
320.0,-51362430,7
320.0,-593847703#3,13
320.0,-593847704#2,21
320.0,-594658757#2,7
320.0,-E0,4
320.0,1068234498#0,3
320.0,1068234499#0,9
320.0,1068440001,7
320.0,1068440004#1,5
320.0,1068440006#0,5
320.0,1334904386#0,4
320.0,182334378#0,3
320.0,182334379#0,5
320.0,196961215#0,14
320.0,196961215#2,3
320.0,196961377#0,27
320.0,196961377#3,11
320.0,196961378#1,1
320.0,232003903#0,4
320.0,244450512#0,2
320.0,244450512#4,2
320.0,244450512#5,2
320.0,288135626#0,2
320.0,288135628#0,2
320.0,303647015#0,3
320.0,30620492#1,2
320.0,48794887#0,8
320.0,49073272#4,3
320.0,49695726,3
320.0,506322840#0,1
320.0,506322841#1,3
320.0,506322851#0,6
320.0,51362429#0,9
320.0,51362431,10
320.0,593842812#2,9
320.0,593844221#0,2
320.0,593847702#0,3
320.0,593847703#0,17
320.0,593849711#2,10
320.0,:11510670762_0,1
320.0,:2081945236_2,1
320.0,:2444664370_0,1
320.0,:3208478128_0,2
320.0,:622618108_0,1
320.0,:655375233_4,1
320.0,:655375233_5,1
320.0,:655375245_1,1
320.0,:656132414_0,1
320.0,:cluster_3208478133_655375293_655375296_9631728504_#1more_1,2
320.0,:cluster_3208478133_655375293_655375296_9631728504_#1more_8,1
320.0,:cluster_4374470814_4374470816_656132411_656132475_6,1
320.0,:cluster_5372642442_631668976_631668981_631669076_12,1
320.0,:cluster_623980090_623980094_1,2
320.0,:cluster_623980147_623980152_14,1
320.0,:cluster_9383263990_9383263991_9383263992_9383263993_10,2
320.0,:cluster_9383263990_9383263991_9383263992_9383263993_21,1
320.0,E0,15
340.0,-51362430,4
340.0,-593847703#3,3
340.0,-593847704#2,21
340.0,-594658757#2,7
340.0,-E0,4
340.0,1068234499#0,9
340.0,1068440001,6
340.0,1068440004#1,5
340.0,1068440006#0,5
340.0,1334904386#0,4
340.0,182334378#0,3
340.0,182334379#0,4
340.0,182336887#2,1
340.0,196961215#0,8
340.0,196961215#2,1
340.0,196961377#0,27
340.0,196961377#3,4
340.0,198001764#0,1
340.0,232003903#0,4
340.0,241518668#0,2
340.0,244450512#0,2
340.0,244450512#4,2
340.0,244450512#5,2
340.0,288135626#0,6
340.0,288878926#0,1
340.0,30620492#1,1
340.0,336063376#0,2
340.0,48794887#0,9
340.0,49073272#4,3
340.0,49695726,1
340.0,506322841#1,2
340.0,506322851#0,4
340.0,51362429#0,9
340.0,51362431,10
340.0,593842812#2,10
340.0,593844221#0,3
340.0,593847702#0,4
340.0,593847703#0,10
340.0,593847704#0,2
340.0,593849711#2,10
340.0,593849718#0,3
340.0,:11510670762_0,1
340.0,:2444664370_0,1
340.0,:3208478128_0,1
340.0,:622618108_0,1
340.0,:622618197_0,1
340.0,:622618230_6,1
340.0,:655375233_4,1
340.0,:655375233_5,1
340.0,:655375245_1,1
340.0,:cluster_2528018119_655375236_2,3
340.0,:cluster_3208478133_655375293_655375296_9631728504_#1more_1,2
340.0,:cluster_3208478133_655375293_655375296_9631728504_#1more_8,5
340.0,:cluster_3431431575_4777363357_655375231_6982059025_3,1
340.0,:cluster_623980147_623980152_14,1
340.0,E0,15
360.0,-51362430,4
360.0,-593847704#2,21
360.0,-594658757#2,7
360.0,-E0,4
360.0,1068234499#0,9
360.0,1068440001,6
360.0,1068440004#1,4
360.0,1068440006#0,5
360.0,1334904386#0,5
360.0,182334378#0,1
360.0,182334379#0,11
360.0,182336887#0,1
360.0,182336887#2,1
360.0,196961215#0,3
360.0,196961215#2,5
360.0,196961377#0,25
360.0,196961377#3,1
360.0,232003903#0,3
360.0,244450512#0,1
360.0,244450512#1,1
360.0,244450512#4,1
360.0,244450512#5,2
360.0,288135626#0,6
360.0,288878926#0,1
360.0,353392316#0,3
360.0,48794887#0,9
360.0,506322841#1,2
360.0,51362429#0,9
360.0,51362431,9
360.0,593842812#2,10
360.0,593844221#0,3
360.0,593847703#0,3
360.0,593847704#0,2
360.0,593849711#2,10
360.0,:11510670762_0,1
360.0,:2081945236_0,1
360.0,:2444664370_0,1
360.0,:2749340167_2,1
360.0,:3208478128_0,2
360.0,:619136999_2,1
360.0,:622618108_0,1
360.0,:655375233_11,1
360.0,:655375233_9,1
360.0,:655375245_0,1
360.0,:655375336_7,1
360.0,:cluster_2528018119_655375236_2,3
360.0,:cluster_2664674491_655375287_655375288_3,1
360.0,:cluster_3208478133_655375293_655375296_9631728504_#1more_1,2
360.0,:cluster_3208478133_655375293_655375296_9631728504_#1more_11,2
360.0,:cluster_3208478133_655375293_655375296_9631728504_#1more_14,1
360.0,:cluster_3208478133_655375293_655375296_9631728504_#1more_8,5
360.0,E0,14
380.0,-51362430,4
380.0,-593847704#2,19
380.0,-593847705,1
380.0,-594658757#2,7
380.0,-E0,5
380.0,1068234499#0,9
380.0,1068440001,6
380.0,1068440004#1,2
380.0,1068440006#0,5
380.0,1334904386#0,6
380.0,182334379#0,5
380.0,182336887#2,1
380.0,196961215#0,1
380.0,196961215#2,2
380.0,196961377#0,16
380.0,196961377#3,11
380.0,232003903#0,3
380.0,244450512#4,3
380.0,244450512#5,2
380.0,288135626#0,6
380.0,288135628#0,3
380.0,288878926#0,4
380.0,30620492#1,1
380.0,336063376#0,1
380.0,353392316#0,3
380.0,48794887#0,8
380.0,49695736#0,2
380.0,506322841#1,3
380.0,51362429#0,9
380.0,51362431,10
380.0,593842812#2,10
380.0,593844221#0,1
380.0,593847702#0,1
380.0,593847704#0,1
380.0,593849711#2,10
380.0,:11510670762_0,1
380.0,:1926948273_2,1
380.0,:2081945236_2,1
380.0,:2444664370_0,1
380.0,:3086736518_7,1
380.0,:3208478128_0,2
380.0,:622618108_0,1
380.0,:655375233_0,1
380.0,:655375245_0,1
380.0,:655375336_29,1
380.0,:655375336_48,1
380.0,:cluster_3208478133_655375293_655375296_9631728504_#1more_11,4
380.0,:cluster_3208478133_655375293_655375296_9631728504_#1more_14,1
380.0,:cluster_3208478133_655375293_655375296_9631728504_#1more_8,4
380.0,:cluster_5372642442_631668976_631668981_631669076_1,1
380.0,E0,14
400.0,-51362430,4
400.0,-593847703#3,3
400.0,-593847704#2,20
400.0,-593847705,1
400.0,-594658757#2,8
400.0,-E0,5
400.0,1068234499#0,5
400.0,1068440001,5
400.0,1068440004#1,2
400.0,1068440006#0,5
400.0,1239087513,1
400.0,1334904386#0,1
400.0,182334379#0,5
400.0,182336887#2,1
400.0,196961377#0,20
400.0,196961377#3,11
400.0,198001764#0,1
400.0,232003903#0,3
400.0,244450512#4,3
400.0,244450512#5,2
400.0,288135626#0,6
400.0,288135628#0,1
400.0,288878926#0,3
400.0,303647015#0,7
400.0,30620492#1,1
400.0,48794887#0,9
400.0,506322841#1,2
400.0,51289045#3,1
400.0,51362429#0,9
400.0,51362431,10
400.0,593842812#2,6
400.0,593844216#0,3
400.0,593849711#0,1
400.0,593849711#2,10
400.0,593849715,1
400.0,:11510670762_0,1
400.0,:2444664370_0,1
400.0,:3086736518_7,1
400.0,:3208478128_0,2
400.0,:622618230_0,1
400.0,:655375233_0,1
400.0,:655375245_0,1
400.0,:655375336_46,1
400.0,:cluster_2528018119_655375236_16,1
400.0,:cluster_2528018119_655375236_6,1
400.0,:cluster_3208478133_655375293_655375296_9631728504_#1more_1,4
400.0,:cluster_4374470814_4374470816_656132411_656132475_4,1
400.0,:cluster_5372642442_631668976_631668981_631669076_10,1
400.0,:cluster_5372642442_631668976_631668981_631669076_25,1
400.0,:cluster_623980147_623980152_14,1
400.0,:cluster_623980147_623980152_9,1
400.0,E0,14
420.0,-51362430,4
420.0,-593847703#3,9
420.0,-593847704#2,21
420.0,-593847705,1
420.0,-594658757#2,8
420.0,-E0,4
420.0,1068234499#0,5
420.0,1068440001,5
420.0,1068440004#1,2
420.0,1068440006#0,5
420.0,1239087513,1
420.0,1334904386#0,2
420.0,182334378#0,1
420.0,182334379#0,4
420.0,182336886,1
420.0,182336887#2,1
420.0,196961377#0,27
420.0,196961377#3,8
420.0,198001764#0,1
420.0,232003903#0,3
420.0,244450512#4,3
420.0,244450512#5,2
420.0,288135628#0,1
420.0,288878926#0,1
420.0,30620492#1,1
420.0,48794887#0,8
420.0,49695736#0,1
420.0,506322841#1,2
420.0,51362429#0,9
420.0,51362431,10
420.0,593849711#2,10
420.0,593849718#0,3
420.0,:11510670762_0,1
420.0,:3086736518_14,1
420.0,:3086736518_7,1
420.0,:3208478128_0,2
420.0,:622618108_0,1
420.0,:655375233_0,1
420.0,:655375245_0,1
420.0,:655375336_29,2
420.0,:655375336_32,1
420.0,:655375336_48,1
420.0,:cluster_2528018119_655375236_16,1
420.0,:cluster_2528018119_655375236_6,1
420.0,E0,14
440.0,-51362430,4
440.0,-593847703#3,15
440.0,-593847704#2,21
440.0,-593847705,1
440.0,-594658757#2,9
440.0,-E0,4
440.0,1068440001,5
440.0,1068440004#1,3
440.0,1068440006#0,1
440.0,1239087513,1
440.0,1334904386#0,3
440.0,182334378#0,1
440.0,182334379#0,3
440.0,182336887#0,1
440.0,196961377#0,27
440.0,196961377#3,1
440.0,232003903#0,3
440.0,244450512#4,1
440.0,244450512#5,1
440.0,48794887#0,2
440.0,506322841#1,2
440.0,51362429#0,9
440.0,51362431,10
440.0,593849711#2,10
440.0,593849718#0,3
440.0,:11510670762_0,1
440.0,:2081945236_1,1
440.0,:2749340167_2,1
440.0,:3086736518_14,1
440.0,:3086736518_7,1
440.0,:3208478128_0,1
440.0,:622618108_0,1
440.0,:655375233_0,1
440.0,:655375245_0,1
440.0,:655375336_2,2
440.0,:cluster_3208478133_655375293_655375296_9631728504_#1more_15,1
440.0,E0,14
460.0,-51362430,4
460.0,-593847703#3,15
460.0,-593847704#2,21
460.0,-593847705,1
460.0,-594658757#2,12
460.0,-E0,4
460.0,1068440001,5
460.0,1068440004#1,3
460.0,1334904386#0,3
460.0,182334378#0,1
460.0,182336887#0,1
460.0,182336887#2,1
460.0,196961377#0,22
460.0,196961377#3,4
460.0,198001764#0,1
460.0,232003903#0,3
460.0,30620492#1,1
460.0,506322841#1,2
460.0,51362429#0,8
460.0,51362431,10
460.0,593849711#2,10
460.0,:3086736518_14,1
460.0,:3086736518_7,1
460.0,:619136999_2,1
460.0,:622618108_0,1
460.0,:655375232_1,1
460.0,:655375233_0,1
460.0,:655375245_0,1
460.0,:cluster_3208478133_655375293_655375296_9631728504_#1more_8,2
460.0,E0,14
480.0,-593847703#3,15
480.0,-593847704#2,21
480.0,-594658757#2,12
480.0,-E0,4
480.0,1068440001,4
480.0,1068440004#1,3
480.0,1068440006#0,3
480.0,1334904386#0,3
480.0,182334378#0,1
480.0,182336887#0,1
480.0,182336887#2,1
480.0,196961377#0,16
480.0,196961377#3,11
480.0,198001764#0,1
480.0,232003903#0,3
480.0,30620492#1,1
480.0,506322841#1,2
480.0,51362429#0,2
480.0,51362431,10
480.0,593844221#0,1
480.0,593849711#2,10
480.0,:11510670762_0,1
480.0,:3086736518_10,1
480.0,:3086736518_14,1
480.0,:3086736518_7,1
480.0,:622618108_0,1
480.0,:655375232_0,1
480.0,:655375232_1,1
480.0,:655375233_0,1
480.0,:655375245_0,1
480.0,:cluster_3208478133_655375293_655375296_9631728504_#1more_8,5
480.0,E0,18
500.0,-593847703#3,15
500.0,-593847704#2,21
500.0,-594658757#2,12
500.0,-E0,4
500.0,1068440001,4
500.0,1068440004#1,3
500.0,1068440006#0,5
500.0,182334378#0,1
500.0,182336886,1
500.0,182336887#0,1
500.0,182336887#2,1
500.0,196961377#0,23
500.0,196961377#3,11
500.0,198001764#0,1
500.0,232003903#0,3
500.0,303647015#0,3
500.0,506322841#1,2
500.0,51362431,10
500.0,593844221#0,1
500.0,593849711#2,10
500.0,:11510670762_0,1
500.0,:3086736518_10,1
500.0,:3086736518_14,1
500.0,:3086736518_7,1
500.0,:622618108_0,1
500.0,:655375233_0,1
500.0,:655375245_0,1
500.0,:cluster_3208478133_655375293_655375296_9631728504_#1more_8,5
500.0,E0,20
520.0,-593847703#3,13
520.0,-593847704#2,21
520.0,-594658757#2,13
520.0,-E0,4
520.0,1068440001,4
520.0,1068440004#1,3
520.0,1068440006#0,5
520.0,182334378#0,1
520.0,182336887#2,1
520.0,196961377#0,27
520.0,196961377#3,4
520.0,198001764#0,1
520.0,232003903#0,3
520.0,506322841#1,2
520.0,51362431,10
520.0,593844221#0,1
520.0,593847702#0,2
520.0,593849711#2,10
520.0,593849718#0,3
520.0,:11510670762_0,1
520.0,:1926948273_2,1
520.0,:2749340167_2,1
520.0,:3086736518_10,1
520.0,:3086736518_14,1
520.0,:3086736518_7,1
520.0,:622618108_0,1
520.0,:622618197_0,1
520.0,:655375233_0,1
520.0,:655375245_0,1
520.0,:655375336_6,2
520.0,:cluster_3208478133_655375293_655375296_9631728504_#1more_8,5
520.0,E0,17
540.0,-593847703#3,13
540.0,-593847704#2,21
540.0,-594658757#2,18
540.0,-E0,4
540.0,1068440001,4
540.0,1068440006#0,5
540.0,182334378#0,1
540.0,196961377#0,27
540.0,198001764#0,1
540.0,232003903#0,3
540.0,506322841#1,2
540.0,51362431,10
540.0,593844221#0,1
540.0,593847702#0,1
540.0,593847703#0,1
540.0,593849711#2,10
540.0,593849718#0,1
540.0,:11510670762_0,1
540.0,:1926948273_0,1
540.0,:2081945236_2,1
540.0,:3086736518_10,1
540.0,:3086736518_14,1
540.0,:3086736518_7,1
540.0,:622618108_0,1
540.0,:655375233_0,1
540.0,:655375233_9,1
540.0,:655375245_0,1
540.0,:cluster_3208478133_655375293_655375296_9631728504_#1more_8,5
540.0,E0,14
560.0,-593847703#3,13
560.0,-593847704#2,21
560.0,-594658757#2,18
560.0,-E0,4
560.0,1068440001,4
560.0,1068440006#0,5
560.0,182334378#0,1
560.0,182336887#2,1
560.0,196961377#0,18
560.0,196961377#3,8
560.0,198001764#0,1
560.0,232003903#0,2
560.0,30620492#1,1
560.0,506322841#1,2
560.0,51289045#3,1
560.0,51362431,10
560.0,593844221#0,1
560.0,593847702#0,1
560.0,593847703#0,1
560.0,593849711#2,10
560.0,:11510670762_0,1
560.0,:3086736518_10,1
560.0,:3086736518_14,1
560.0,:3086736518_7,1
560.0,:619136999_2,1
560.0,:622618108_0,1
560.0,:655375233_0,1
560.0,:655375245_0,1
560.0,:cluster_3208478133_655375293_655375296_9631728504_#1more_8,5
560.0,E0,14
580.0,-593847703#3,13
580.0,-593847704#2,21
580.0,-594658757#2,18
580.0,-E0,5
580.0,1068440001,4
580.0,1068440006#0,5
580.0,182334379#0,1
580.0,182336887#2,1
580.0,196961377#0,19
580.0,196961377#3,11
580.0,198001764#0,1
580.0,232003903#0,3
580.0,506322841#1,2
580.0,51362431,10
580.0,593844221#0,1
580.0,593849711#2,10
580.0,:11510670762_0,1
580.0,:2749340167_2,1
580.0,:3086736518_10,1
580.0,:3086736518_14,1
580.0,:3086736518_7,1
580.0,:622618108_0,1
580.0,:655375233_0,1
580.0,:655375245_0,1
580.0,:cluster_3208478133_655375293_655375296_9631728504_#1more_11,3
580.0,:cluster_3208478133_655375293_655375296_9631728504_#1more_8,5
580.0,E0,14
600.0,-593847703#3,13
600.0,-593847704#2,21
600.0,-594658757#2,19
600.0,-E0,5
600.0,1068440001,3
600.0,1068440006#0,5
600.0,1239087513,1
600.0,182336887#2,1
600.0,196961377#0,26
600.0,196961377#3,8
600.0,198001764#0,1
600.0,232003903#0,3
600.0,30620492#1,1
600.0,49695736#0,1
600.0,506322841#1,3
600.0,51362431,10
600.0,593844216#0,1
600.0,593847701,1
600.0,593849711#2,9
600.0,593849718#0,3
600.0,:11510670762_0,1
600.0,:3086736518_10,1
600.0,:3086736518_14,1
600.0,:3086736518_7,1
600.0,:622618108_0,1
600.0,:655375233_0,1
600.0,:655375245_0,1
600.0,:655375336_28,1
600.0,:cluster_2528018119_655375236_16,1
600.0,:cluster_3208478133_655375293_655375296_9631728504_#1more_11,3
600.0,:cluster_3208478133_655375293_655375296_9631728504_#1more_8,2
600.0,E0,14
620.0,-593847703#3,13
620.0,-593847704#2,21
620.0,-594658757#2,20
620.0,-E0,5
620.0,1068440001,3
620.0,1068440006#0,5
620.0,1239087513,1
620.0,1334904386#0,2
620.0,182336887#0,1
620.0,196961377#0,20
620.0,196961377#3,6
620.0,198001764#0,1
620.0,232003903#0,3
620.0,30620492#1,1
620.0,506322841#1,2
620.0,51362431,10
620.0,593844216#0,3
620.0,593847701,1
620.0,593849711#2,9
620.0,593849718#0,3
620.0,:11510670762_0,1
620.0,:3086736518_10,1
620.0,:3086736518_14,1
620.0,:3086736518_7,1
620.0,:619136999_2,1
620.0,:622618108_0,1
620.0,:622618197_0,1
620.0,:655375233_0,1
620.0,:655375245_0,1
620.0,:cluster_4374470814_4374470816_656132411_656132475_4,1
620.0,E0,14
640.0,-593847703#3,13
640.0,-593847704#2,21
640.0,-594658757#2,22
640.0,-E0,5
640.0,1068440001,3
640.0,1239087513,1
640.0,1334904386#0,5
640.0,182336886,1
640.0,182336887#0,1
640.0,196961377#0,15
640.0,196961377#3,6
640.0,198001764#0,1
640.0,232003903#0,3
640.0,30620492#1,1
640.0,506322841#1,2
640.0,51362431,10
640.0,545977624#0,1
640.0,593847701,1
640.0,593849711#2,9
640.0,593849718#0,3
640.0,:11510670762_0,1
640.0,:3086736518_10,1
640.0,:3086736518_14,1
640.0,:3086736518_7,1
640.0,:619136999_2,1
640.0,:622618108_0,1
640.0,:622618197_0,1
640.0,:655375233_0,1
640.0,:655375245_0,1
640.0,E0,14
660.0,-593847703#3,13
660.0,-593847704#2,21
660.0,-594658757#2,22
660.0,-E0,5
660.0,1334904386#0,1
660.0,182336887#2,1
660.0,196961377#0,18
660.0,196961377#3,9
660.0,232003903#0,3
660.0,303647015#0,5
660.0,30620492#1,1
660.0,506322841#1,2
660.0,51362431,9
660.0,593847701,1
660.0,593849711#2,9
660.0,594658757#0,1
660.0,:2081945236_0,1
660.0,:2749340167_2,1
660.0,:3086736518_10,1
660.0,:3086736518_14,1
660.0,:3086736518_7,1
660.0,:3139322031_0,1
660.0,:622618108_0,1
660.0,:655375233_0,1
660.0,:655375245_0,1
660.0,:655375336_28,1
660.0,:cluster_3208478133_655375293_655375296_9631728504_#1more_8,3
660.0,E0,14
680.0,-51362429#1,1
680.0,-593847703#3,11
680.0,-593847704#2,20
680.0,-594658757#2,23
680.0,-E0,5
680.0,1334904386#0,1
680.0,182336887#0,1
680.0,182336887#2,1
680.0,196961377#0,24
680.0,196961377#3,9
680.0,198001764#0,1
680.0,232003903#0,3
680.0,30620492#1,1
680.0,506322841#1,2
680.0,51362431,10
680.0,593844221#0,1
680.0,593847703#0,3
680.0,593847705,1
680.0,593849711#2,9
680.0,:3086736518_14,1
680.0,:3086736518_9,1
680.0,:622618108_0,1
680.0,:655375233_5,1
680.0,:cluster_3208478133_655375293_655375296_9631728504_#1more_8,2
680.0,E0,14
700.0,-593847703#3,2
700.0,-593847704#2,20
700.0,-594658757#2,22
700.0,-E0,5
700.0,1334904386#0,2
700.0,182334379#0,3
700.0,182336887#0,1
700.0,196961377#0,25
700.0,196961377#3,11
700.0,198001764#0,1
700.0,232003903#0,3
700.0,303647015#0,1
700.0,30620492#1,1
700.0,506322841#1,2
700.0,51289045#3,2
700.0,51289045#5,1
700.0,51362431,10
700.0,545977624#0,1
700.0,593844216#0,1
700.0,593844221#0,1
700.0,593847702#0,2
700.0,593847704#0,5
700.0,593849711#2,9
700.0,:2081945236_2,1
700.0,:3086736518_9,1
700.0,:622618108_0,1
700.0,:622618108_6,1
700.0,:655375233_14,1
700.0,:655375233_4,1
700.0,:cluster_2528018119_655375236_22,1
700.0,:cluster_3208478133_655375293_655375296_9631728504_#1more_8,1
700.0,:cluster_3431431575_4777363357_655375231_6982059025_5,1
700.0,:cluster_4374470814_4374470816_656132411_656132475_4,1
700.0,E0,14
720.0,-593847704#2,21
720.0,-594658757#2,23
720.0,-E0,5
720.0,1334904386#0,3
720.0,182334379#0,4
720.0,196961377#0,27
720.0,196961377#3,4
720.0,232003903#0,3
720.0,288878926#0,1
720.0,51362431,10
720.0,593847704#0,1
720.0,593849711#2,9
720.0,593849718#0,3
720.0,:622618108_0,1
720.0,:622618197_6,1
720.0,:cluster_4374470814_4374470816_656132411_656132475_4,1
720.0,E0,14
740.0,-593847704#2,15
740.0,-594658757#2,23
740.0,-E0,5
740.0,196961377#0,18
740.0,196961377#3,5
740.0,232003903#0,3
740.0,288135628#0,4
740.0,303647015#0,3
740.0,51362431,10
740.0,593847703#0,4
740.0,593849711#2,9
740.0,593849718#0,3
740.0,:3086736518_7,1
740.0,:619136999_2,1
740.0,:622618108_0,1
740.0,:622618197_0,1
740.0,:655375233_0,1
740.0,E0,14
760.0,-593847704#2,6
760.0,-594658757#2,23
760.0,-E0,5
760.0,196961377#0,12
760.0,196961377#3,8
760.0,232003903#0,3
760.0,49073272#1,1
760.0,51362431,10
760.0,593847703#0,14
760.0,593849711#2,9
760.0,593849718#0,2
760.0,:3086736518_7,1
760.0,:619136999_2,1
760.0,:622618108_1,1
760.0,:655375233_0,1
760.0,E0,14
780.0,-593847704#2,5
780.0,-594658757#2,23
780.0,-E0,4
780.0,182334379#0,3
780.0,196961377#0,17
780.0,196961377#3,11
780.0,232003903#0,1
780.0,49073272#4,2
780.0,51289045#1,1
780.0,51289045#3,2
780.0,51289045#5,1
780.0,51362431,10
780.0,593844216#0,3
780.0,593847703#0,12
780.0,593849711#2,9
780.0,:3086736518_14,1
780.0,:cluster_2528018119_655375236_2,2
780.0,E0,14
800.0,-593847704#2,5
800.0,-594658757#2,23
800.0,182334379#0,7
800.0,196961377#0,24
800.0,196961377#3,11
800.0,232003903#0,1
800.0,49073272#4,2
800.0,51362431,10
800.0,545977624#0,2
800.0,593844216#0,1
800.0,593847703#0,5
800.0,593847704#0,3
800.0,593849711#2,9
800.0,:622618108_6,1
800.0,:cluster_2528018119_655375236_2,2
800.0,:cluster_5372642442_631668976_631668981_631669076_1,3
800.0,E0,14
820.0,-593847704#2,5
820.0,-594658757#2,23
820.0,182334379#0,6
820.0,196961377#0,27
820.0,196961377#3,7
820.0,232003903#0,1
820.0,288135628#0,1
820.0,353392316#0,2
820.0,51362431,10
820.0,545977624#0,1
820.0,593847703#0,2
820.0,593849711#2,4
820.0,593849718#0,3
820.0,:3086736518_1,1
820.0,:622618197_0,1
820.0,:655375232_6,1
820.0,:655375233_0,1
820.0,:cluster_5372642442_631668976_631668981_631669076_1,1
820.0,E0,14
840.0,-593847704#2,5
840.0,-594658757#2,23
840.0,1334904386#0,1
840.0,182334379#0,6
840.0,196961377#0,25
840.0,196961377#3,2
840.0,232003903#0,2
840.0,353392316#0,1
840.0,51362431,10
840.0,593844216#0,1
840.0,593847703#0,9
840.0,593849718#0,3
840.0,:622618197_6,1
840.0,:cluster_3208478133_655375293_655375296_9631728504_#1more_11,1
840.0,:cluster_5372642442_631668976_631668981_631669076_25,1
840.0,E0,13
860.0,-593847704#2,5
860.0,-594658757#2,23
860.0,1334904386#0,1
860.0,182334379#0,3
860.0,196961377#0,16
860.0,196961377#3,11
860.0,232003903#0,1
860.0,288135628#0,6
860.0,51289045#5,1
860.0,51362431,10
860.0,593844216#0,3
860.0,593847703#0,3
860.0,:cluster_2528018119_655375236_2,3
860.0,E0,13
880.0,-594658757#2,23
880.0,1334904386#0,1
880.0,182334379#0,9
880.0,196961377#0,21
880.0,196961377#3,11
880.0,232003903#0,1
880.0,51362431,10
880.0,545977624#0,1
880.0,593844216#0,1
880.0,593847703#0,3
880.0,:3086736518_7,1
880.0,:655375233_0,1
880.0,E0,13
900.0,-594658757#2,24
900.0,196961377#0,25
900.0,196961377#3,10
900.0,232003903#0,1
900.0,288135628#0,4
900.0,303647015#0,1
900.0,51362431,10
900.0,545977624#0,1
900.0,593847703#0,5
900.0,:622618197_0,1
900.0,E0,12
920.0,-594658757#2,24
920.0,182334379#0,4
920.0,196961377#0,25
920.0,196961377#3,4
920.0,51289045#3,1
920.0,51362431,10
920.0,593849718#0,3
920.0,:cluster_2528018119_655375236_2,1
920.0,E0,12
940.0,-594658757#2,24
940.0,182334379#0,2
940.0,196961377#0,20
940.0,196961377#3,5
940.0,288135628#0,1
940.0,51362431,10
940.0,E0,12
960.0,-594658757#2,24
960.0,196961377#0,14
960.0,196961377#3,11
960.0,51362431,9
960.0,594658757#0,1
960.0,:cluster_5372642442_631668976_631668981_631669076_1,2
960.0,E0,12
980.0,-594658757#2,24
980.0,196961377#0,14
980.0,196961377#3,11
980.0,51362431,9
980.0,E0,12
1000.0,-594658757#2,24
1000.0,196961377#0,14
1000.0,196961377#3,7
1000.0,51362431,9
1000.0,593849718#0,2
1000.0,:622618197_6,1
1000.0,E0,12
1020.0,-594658757#2,23
1020.0,196961377#0,14
1020.0,51362431,9
1020.0,593849718#0,3
1020.0,E0,12
1040.0,-594658757#2,23
1040.0,196961377#0,5
1040.0,196961377#3,8
1040.0,51362431,9
1040.0,:619136999_2,1
1040.0,:655375336_6,1
1040.0,E0,11
1060.0,-594658757#2,24
1060.0,196961377#0,3
1060.0,196961377#3,11
1060.0,51362431,9
1060.0,E0,11
1080.0,-594658757#2,24
1080.0,196961377#0,3
1080.0,196961377#3,10
1080.0,51362431,9
1080.0,:622618197_6,1
1080.0,E0,11
1100.0,-594658757#2,24
1100.0,196961377#0,3
1100.0,196961377#3,3
1100.0,51362431,9
1100.0,593849718#0,3
1100.0,:622618197_0,1
1100.0,E0,11
1120.0,-594658757#2,24
1120.0,196961377#0,1
1120.0,196961377#3,2
1120.0,51362431,9
1120.0,E0,11
1140.0,-594658757#2,24
1140.0,196961377#0,1
1140.0,196961377#3,2
1140.0,51362431,9
1140.0,E0,11
1160.0,-594658757#2,24
1160.0,196961377#3,3
1160.0,51362431,9
1160.0,E0,11
1180.0,-594658757#2,24
1180.0,51362431,9
1180.0,593849718#0,2
1180.0,E0,11
1200.0,-594658757#2,24
1200.0,51362431,9
1200.0,E0,11
1220.0,-594658757#2,24
1220.0,51362431,9
1220.0,E0,11
1240.0,-594658757#2,24
1240.0,51362431,9
1240.0,E0,11
1260.0,-594658757#2,24
1260.0,51362431,8
1260.0,594658757#0,1
1260.0,E0,11
1280.0,-594658757#2,24
1280.0,51362431,8
1280.0,E0,11
1300.0,-594658757#2,24
1300.0,51362431,8
1300.0,E0,11
1320.0,-594658757#2,23
1320.0,303647015#0,1
1320.0,51362431,8
1320.0,E0,11
1340.0,-594658757#2,23
1340.0,51362431,8
1340.0,E0,11
1360.0,-594658757#2,24
1360.0,51362431,8
1360.0,E0,10
1380.0,-594658757#2,24
1380.0,51362431,8
1380.0,E0,10
1400.0,-594658757#2,24
1400.0,51362431,8
1400.0,E0,10
1420.0,-594658757#2,24
1420.0,51362431,8
1420.0,E0,10
1440.0,-594658757#2,24
1440.0,51362431,8
1440.0,E0,10
1460.0,-594658757#2,24
1460.0,51362431,8
1460.0,E0,10
1480.0,-594658757#2,24
1480.0,51362431,8
1480.0,E0,10
1500.0,-594658757#2,24
1500.0,51362431,8
1500.0,E0,10
1520.0,-594658757#2,24
1520.0,51362431,8
1520.0,E0,10
1540.0,-594658757#2,24
1540.0,51362431,8
1540.0,E0,10
1560.0,-594658757#2,24
1560.0,51362431,8
1560.0,E0,10
1580.0,-594658757#2,24
1580.0,51362431,7
1580.0,E0,10
1600.0,-594658757#2,24
1600.0,51362431,7
1600.0,E0,10
1620.0,-594658757#2,23
1620.0,303647015#0,1
1620.0,51362431,7
1620.0,E0,10
1640.0,-594658757#2,23
1640.0,51362431,7
1640.0,E0,10
1660.0,-594658757#2,24
1660.0,51362431,7
1660.0,E0,9
1680.0,-594658757#2,24
1680.0,51362431,7
1680.0,E0,9
1700.0,-594658757#2,24
1700.0,51362431,7
1700.0,E0,9
1720.0,-594658757#2,24
1720.0,51362431,7
1720.0,E0,9
1740.0,-594658757#2,24
1740.0,51362431,7
1740.0,E0,9
1760.0,-594658757#2,24
1760.0,51362431,7
1760.0,E0,9
1780.0,-594658757#2,24
1780.0,51362431,7
1780.0,E0,9
1800.0,-594658757#2,24
1800.0,51362431,7
1800.0,E0,9
1820.0,-594658757#2,24
1820.0,51362431,7
1820.0,E0,9
1840.0,-594658757#2,24
1840.0,51362431,7
1840.0,E0,9
1860.0,-594658757#2,24
1860.0,51362431,7
1860.0,E0,9
1880.0,-594658757#2,24
1880.0,51362431,6
1880.0,594658760#0,1
1880.0,E0,9
1900.0,-594658757#2,24
1900.0,51362431,6
1900.0,E0,9
1920.0,-594658757#2,24
1920.0,51362431,6
1920.0,E0,9
1940.0,-594658757#2,23
1940.0,51362431,6
1940.0,E0,9
1960.0,-594658757#2,23
1960.0,1334904386#0,1
1960.0,51362431,6
1960.0,E0,8
1980.0,-594658757#2,24
1980.0,1334904386#0,1
1980.0,51362431,6
1980.0,E0,7
2000.0,-594658757#2,24
2000.0,1334904386#0,1
2000.0,51362431,6
2000.0,E0,7
2020.0,-594658757#2,24
2020.0,1334904386#0,1
2020.0,51362431,6
2020.0,E0,7
2040.0,-594658757#2,24
2040.0,303647015#0,1
2040.0,51362431,6
2040.0,E0,7
2060.0,-594658757#2,24
2060.0,51362431,6
2060.0,E0,7
2080.0,-594658757#2,24
2080.0,51362431,6
2080.0,E0,7
2100.0,-594658757#2,24
2100.0,51362431,6
2100.0,E0,7
2120.0,-594658757#2,24
2120.0,51362431,6
2120.0,E0,7
2140.0,-594658757#2,24
2140.0,51362431,6
2140.0,E0,7
2160.0,-594658757#2,24
2160.0,51362431,6
2160.0,E0,7
2180.0,-594658757#2,24
2180.0,51362431,5
2180.0,594658760#0,1
2180.0,E0,7
2200.0,-594658757#2,24
2200.0,51362431,5
2200.0,E0,7
2220.0,-594658757#2,24
2220.0,51362431,5
2220.0,E0,7
2240.0,-594658757#2,23
2240.0,51362431,5
2240.0,E0,7
2260.0,-594658757#2,24
2260.0,51362431,5
2260.0,E0,6
2280.0,-594658757#2,24
2280.0,51362431,5
2280.0,E0,6
2300.0,-594658757#2,24
2300.0,51362431,5
2300.0,E0,6
2320.0,-594658757#2,24
2320.0,51362431,5
2320.0,E0,6
2340.0,-594658757#2,24
2340.0,51362431,5
2340.0,E0,6
2360.0,-594658757#2,24
2360.0,51362431,5
2360.0,E0,6
2380.0,-594658757#2,24
2380.0,51362431,5
2380.0,E0,6
2400.0,-594658757#2,24
2400.0,51362431,5
2400.0,E0,6
2420.0,-594658757#2,24
2420.0,51362431,5
2420.0,E0,6
2440.0,-594658757#2,24
2440.0,51362431,5
2440.0,E0,6
2460.0,-594658757#2,24
2460.0,51362431,5
2460.0,E0,6
2480.0,-594658757#2,24
2480.0,51362431,4
2480.0,594658760#0,1
2480.0,E0,6
2500.0,-594658757#2,24
2500.0,51362431,4
2500.0,E0,6
2520.0,-594658757#2,24
2520.0,51362431,4
2520.0,E0,6
2540.0,-594658757#2,23
2540.0,303647015#0,1
2540.0,51362431,4
2540.0,E0,6
2560.0,-594658757#2,23
2560.0,51362431,4
2560.0,E0,5
2580.0,-594658757#2,24
2580.0,51362431,4
2580.0,E0,5
2600.0,-594658757#2,24
2600.0,51362431,4
2600.0,E0,5
2620.0,-594658757#2,24
2620.0,51362431,4
2620.0,E0,5
2640.0,-594658757#2,24
2640.0,51362431,4
2640.0,E0,5
2660.0,-594658757#2,24
2660.0,51362431,4
2660.0,E0,5
2680.0,-594658757#2,24
2680.0,51362431,4
2680.0,E0,5
2700.0,-594658757#2,24
2700.0,51362431,4
2700.0,E0,5
2720.0,-594658757#2,24
2720.0,51362431,4
2720.0,E0,5
2740.0,-594658757#2,24
2740.0,51362431,4
2740.0,E0,5
2760.0,-594658757#2,24
2760.0,51362431,4
2760.0,E0,5
2780.0,-594658757#2,24
2780.0,51362431,4
2780.0,E0,5
2800.0,-594658757#2,24
2800.0,51362431,3
2800.0,E0,5
2820.0,-594658757#2,24
2820.0,51362431,3
2820.0,E0,5
2840.0,-594658757#2,23
2840.0,303647015#0,1
2840.0,51362431,3
2840.0,E0,5
2860.0,-594658757#2,23
2860.0,51362431,3
2860.0,E0,5
2880.0,-594658757#2,24
2880.0,51362431,3
2880.0,E0,4
2900.0,-594658757#2,24
2900.0,51362431,3
2900.0,E0,4
2920.0,-594658757#2,24
2920.0,51362431,3
2920.0,E0,4
2940.0,-594658757#2,24
2940.0,51362431,3
2940.0,E0,4
2960.0,-594658757#2,24
2960.0,51362431,3
2960.0,E0,4
2980.0,-594658757#2,24
2980.0,51362431,3
2980.0,E0,4
3000.0,-594658757#2,24
3000.0,51362431,3
3000.0,E0,4
3020.0,-594658757#2,24
3020.0,51362431,3
3020.0,E0,4
3040.0,-594658757#2,24
3040.0,51362431,3
3040.0,E0,4
3060.0,-594658757#2,24
3060.0,51362431,3
3060.0,E0,4
3080.0,-594658757#2,24
3080.0,51362431,3
3080.0,E0,4
3100.0,-594658757#2,24
3100.0,51362431,2
3100.0,E0,4
3120.0,-594658757#2,24
3120.0,51362431,2
3120.0,E0,4
3140.0,-594658757#2,23
3140.0,303647015#0,1
3140.0,51362431,2
3140.0,E0,4
3160.0,-594658757#2,23
3160.0,51362431,2
3160.0,E0,4
3180.0,-594658757#2,24
3180.0,51362431,2
3180.0,E0,3
3200.0,-594658757#2,24
3200.0,51362431,2
3200.0,E0,3
3220.0,-594658757#2,24
3220.0,51362431,2
3220.0,E0,3
3240.0,-594658757#2,24
3240.0,51362431,2
3240.0,E0,3
3260.0,-594658757#2,24
3260.0,51362431,2
3260.0,E0,3
3280.0,-594658757#2,24
3280.0,51362431,2
3280.0,E0,3
3300.0,-594658757#2,24
3300.0,51362431,2
3300.0,E0,3
3320.0,-594658757#2,24
3320.0,51362431,2
3320.0,E0,3
3340.0,-594658757#2,24
3340.0,51362431,2
3340.0,E0,3
3360.0,-594658757#2,24
3360.0,51362431,2
3360.0,E0,3
3380.0,-594658757#2,24
3380.0,51362431,2
3380.0,E0,3
3400.0,-594658757#2,24
3400.0,51362431,1
3400.0,594658757#0,1
3400.0,E0,3
3420.0,-594658757#2,24
3420.0,51362431,1
3420.0,E0,3
3440.0,-594658757#2,24
3440.0,51362431,1
3440.0,E0,3
3460.0,-594658757#2,23
3460.0,303647015#0,1
3460.0,51362431,1
3460.0,E0,3
3480.0,-594658757#2,24
3480.0,51362431,1
3480.0,E0,2
3500.0,-594658757#2,24
3500.0,51362431,1
3500.0,E0,2
3520.0,-594658757#2,24
3520.0,51362431,1
3520.0,E0,2
3540.0,-594658757#2,24
3540.0,51362431,1
3540.0,E0,2
3560.0,-594658757#2,24
3560.0,51362431,1
3560.0,E0,2
3580.0,-594658757#2,24
3580.0,51362431,1
3580.0,E0,2
3600.0,-594658757#2,24
3600.0,51362431,1
3600.0,E0,2
3620.0,-594658757#2,24
3620.0,51362431,1
3620.0,E0,2
3640.0,-594658757#2,24
3640.0,51362431,1
3640.0,E0,2
3660.0,-594658757#2,24
3660.0,51362431,1
3660.0,E0,2
3680.0,-594658757#2,24
3680.0,51362431,1
3680.0,E0,2
3700.0,-594658757#2,24
3700.0,594658760#0,1
3700.0,E0,2
3720.0,-594658757#2,24
3720.0,E0,2
3740.0,-594658757#2,24
3740.0,E0,2
3760.0,-594658757#2,23
3760.0,303647015#0,1
3760.0,E0,2
3780.0,-594658757#2,23
3780.0,1334904386#0,1
3780.0,E0,1
3800.0,-594658757#2,23
3800.0,1334904386#0,1
3800.0,E0,1
3820.0,-594658757#2,23
3820.0,303647015#0,1
3820.0,:655375336_6,1
3840.0,-594658757#2,24
3860.0,-594658757#2,24
3880.0,-594658757#2,24
3900.0,-594658757#2,24
3920.0,-594658757#2,24
3940.0,-594658757#2,24
3960.0,-594658757#2,24
3980.0,-594658757#2,24
4000.0,-594658757#2,24
4020.0,-594658757#2,24
4040.0,-594658757#2,24
4060.0,-594658757#2,23
4060.0,303647015#0,1
4080.0,-594658757#2,23
4100.0,-594658757#2,23
4120.0,-594658757#2,23
4140.0,-594658757#2,23
4160.0,-594658757#2,23
4180.0,-594658757#2,23
4200.0,-594658757#2,23
4220.0,-594658757#2,23
4240.0,-594658757#2,23
4260.0,-594658757#2,23
4280.0,-594658757#2,23
4300.0,-594658757#2,23
4320.0,-594658757#2,23
4340.0,-594658757#2,23
4360.0,-594658757#2,23
4380.0,-594658757#2,22
4400.0,-594658757#2,22
4420.0,-594658757#2,22
4440.0,-594658757#2,22
4460.0,-594658757#2,22
4480.0,-594658757#2,22
4500.0,-594658757#2,22
4520.0,-594658757#2,22
4540.0,-594658757#2,22
4560.0,-594658757#2,22
4580.0,-594658757#2,22
4600.0,-594658757#2,22
4620.0,-594658757#2,22
4640.0,-594658757#2,22
4660.0,-594658757#2,22
4680.0,-594658757#2,21
4700.0,-594658757#2,21
4720.0,-594658757#2,21
4740.0,-594658757#2,21
4760.0,-594658757#2,21
4780.0,-594658757#2,21
4800.0,-594658757#2,21
4820.0,-594658757#2,21
4840.0,-594658757#2,21
4860.0,-594658757#2,21
4880.0,-594658757#2,21
4900.0,-594658757#2,21
4920.0,-594658757#2,21
4940.0,-594658757#2,21
4960.0,-594658757#2,21
4980.0,-594658757#2,20
4980.0,303647015#0,1
5000.0,-594658757#2,20
5020.0,-594658757#2,20
5040.0,-594658757#2,20
5060.0,-594658757#2,20
5080.0,-594658757#2,20
5100.0,-594658757#2,20
5120.0,-594658757#2,20
5140.0,-594658757#2,20
5160.0,-594658757#2,20
5180.0,-594658757#2,20
5200.0,-594658757#2,20
5220.0,-594658757#2,20
5240.0,-594658757#2,20
5260.0,-594658757#2,20
5280.0,-594658757#2,19
5280.0,303647015#0,1
5300.0,-594658757#2,19
5320.0,-594658757#2,19
5340.0,-594658757#2,19
5360.0,-594658757#2,19
5380.0,-594658757#2,19
5400.0,-594658757#2,19
5420.0,-594658757#2,19
5440.0,-594658757#2,19
5460.0,-594658757#2,19
5480.0,-594658757#2,19
5500.0,-594658757#2,19
5520.0,-594658757#2,19
5540.0,-594658757#2,19
5560.0,-594658757#2,19
5580.0,-594658757#2,19
5600.0,-594658757#2,18
5620.0,-594658757#2,18
5640.0,-594658757#2,18
5660.0,-594658757#2,18
5680.0,-594658757#2,18
5700.0,-594658757#2,18
5720.0,-594658757#2,18
5740.0,-594658757#2,18
5760.0,-594658757#2,18
5780.0,-594658757#2,18
5800.0,-594658757#2,18
5820.0,-594658757#2,18
5840.0,-594658757#2,18
5860.0,-594658757#2,18
5880.0,-594658757#2,18
5900.0,-594658757#2,17
5900.0,303647015#0,1
5920.0,-594658757#2,17
5940.0,-594658757#2,17
5960.0,-594658757#2,17
5980.0,-594658757#2,17
6000.0,-594658757#2,17
6020.0,-594658757#2,17
6040.0,-594658757#2,17
6060.0,-594658757#2,17
6080.0,-594658757#2,17
6100.0,-594658757#2,17
6120.0,-594658757#2,17
6140.0,-594658757#2,17
6160.0,-594658757#2,17
6180.0,-594658757#2,17
6200.0,-594658757#2,16
6200.0,303647015#0,1
6220.0,-594658757#2,16
6240.0,-594658757#2,16
6260.0,-594658757#2,16
6280.0,-594658757#2,16
6300.0,-594658757#2,16
6320.0,-594658757#2,16
6340.0,-594658757#2,16
6360.0,-594658757#2,16
6380.0,-594658757#2,16
6400.0,-594658757#2,16
6420.0,-594658757#2,16
6440.0,-594658757#2,16
6460.0,-594658757#2,16
6480.0,-594658757#2,16
6500.0,-594658757#2,16
6520.0,-594658757#2,15
6540.0,-594658757#2,15
6560.0,-594658757#2,15
6580.0,-594658757#2,15
6600.0,-594658757#2,15
6620.0,-594658757#2,15
6640.0,-594658757#2,15
6660.0,-594658757#2,15
6680.0,-594658757#2,15
6700.0,-594658757#2,15
6720.0,-594658757#2,15
6740.0,-594658757#2,15
6760.0,-594658757#2,15
6780.0,-594658757#2,15
6800.0,-594658757#2,15
6820.0,-594658757#2,14
6820.0,303647015#0,1
6840.0,-594658757#2,14
6860.0,-594658757#2,14
6880.0,-594658757#2,14
6900.0,-594658757#2,14
6920.0,-594658757#2,14
6940.0,-594658757#2,14
6960.0,-594658757#2,14
6980.0,-594658757#2,14
7000.0,-594658757#2,14
7020.0,-594658757#2,14
7040.0,-594658757#2,14
7060.0,-594658757#2,14
7080.0,-594658757#2,14
7100.0,-594658757#2,14
7120.0,-594658757#2,13
7120.0,303647015#0,1
7140.0,-594658757#2,13
7160.0,-594658757#2,13
7180.0,-594658757#2,13
7200.0,-594658757#2,13
7220.0,-594658757#2,13
7240.0,-594658757#2,13
7260.0,-594658757#2,13
7280.0,-594658757#2,13
7300.0,-594658757#2,13
7320.0,-594658757#2,13
7340.0,-594658757#2,13
7360.0,-594658757#2,13
7380.0,-594658757#2,13
7400.0,-594658757#2,13
7420.0,-594658757#2,12
7420.0,303647015#0,1
7440.0,-594658757#2,12
7460.0,-594658757#2,12
7480.0,-594658757#2,12
7500.0,-594658757#2,12
7520.0,-594658757#2,12
7540.0,-594658757#2,12
7560.0,-594658757#2,12
7580.0,-594658757#2,12
7600.0,-594658757#2,12
7620.0,-594658757#2,12
7640.0,-594658757#2,12
7660.0,-594658757#2,12
7680.0,-594658757#2,12
7700.0,-594658757#2,12
7720.0,-594658757#2,12
7740.0,-594658757#2,11
7760.0,-594658757#2,11
7780.0,-594658757#2,11
7800.0,-594658757#2,11
7820.0,-594658757#2,11
7840.0,-594658757#2,11
7860.0,-594658757#2,11
7880.0,-594658757#2,11
7900.0,-594658757#2,11
7920.0,-594658757#2,11
7940.0,-594658757#2,11
7960.0,-594658757#2,11
7980.0,-594658757#2,11
8000.0,-594658757#2,11
8020.0,-594658757#2,11
8040.0,-594658757#2,10
8040.0,303647015#0,1
8060.0,-594658757#2,10
8080.0,-594658757#2,10
8100.0,-594658757#2,10
8120.0,-594658757#2,10
8140.0,-594658757#2,10
8160.0,-594658757#2,10
8180.0,-594658757#2,10
8200.0,-594658757#2,10
8220.0,-594658757#2,10
8240.0,-594658757#2,10
8260.0,-594658757#2,10
8280.0,-594658757#2,10
8300.0,-594658757#2,10
8320.0,-594658757#2,10
8340.0,-594658757#2,9
8340.0,303647015#0,1
8360.0,-594658757#2,9
8380.0,-594658757#2,9
8400.0,-594658757#2,9
8420.0,-594658757#2,9
8440.0,-594658757#2,9
8460.0,-594658757#2,9
8480.0,-594658757#2,9
8500.0,-594658757#2,9
8520.0,-594658757#2,9
8540.0,-594658757#2,9
8560.0,-594658757#2,9
8580.0,-594658757#2,9
8600.0,-594658757#2,9
8620.0,-594658757#2,9
8640.0,-594658757#2,8
8640.0,303647015#0,1
8660.0,-594658757#2,8
8680.0,-594658757#2,8
8700.0,-594658757#2,8
8720.0,-594658757#2,8
8740.0,-594658757#2,8
8760.0,-594658757#2,8
8780.0,-594658757#2,8
8800.0,-594658757#2,8
8820.0,-594658757#2,8
8840.0,-594658757#2,8
8860.0,-594658757#2,8
8880.0,-594658757#2,8
8900.0,-594658757#2,8
8920.0,-594658757#2,8
8940.0,-594658757#2,8
8960.0,-594658757#2,7
8980.0,-594658757#2,7
9000.0,-594658757#2,7
9020.0,-594658757#2,7
9040.0,-594658757#2,7
9060.0,-594658757#2,7
9080.0,-594658757#2,7
9100.0,-594658757#2,7
9120.0,-594658757#2,7
9140.0,-594658757#2,7
9160.0,-594658757#2,7
9180.0,-594658757#2,7
9200.0,-594658757#2,7
9220.0,-594658757#2,7
9240.0,-594658757#2,7
9260.0,-594658757#2,6
9260.0,303647015#0,1
9280.0,-594658757#2,6
9300.0,-594658757#2,6
9320.0,-594658757#2,6
9340.0,-594658757#2,6
9360.0,-594658757#2,6
9380.0,-594658757#2,6
9400.0,-594658757#2,6
9420.0,-594658757#2,6
9440.0,-594658757#2,6
9460.0,-594658757#2,6
9480.0,-594658757#2,6
9500.0,-594658757#2,6
9520.0,-594658757#2,6
9540.0,-594658757#2,6
9560.0,-594658757#2,5
9560.0,303647015#0,1
9580.0,-594658757#2,5
9600.0,-594658757#2,5
9620.0,-594658757#2,5
9640.0,-594658757#2,5
9660.0,-594658757#2,5
9680.0,-594658757#2,5
9700.0,-594658757#2,5
9720.0,-594658757#2,5
9740.0,-594658757#2,5
9760.0,-594658757#2,5
9780.0,-594658757#2,5
9800.0,-594658757#2,5
9820.0,-594658757#2,5
9840.0,-594658757#2,5
9860.0,-594658757#2,4
9860.0,303647015#0,1
9880.0,-594658757#2,4
9900.0,-594658757#2,4
9920.0,-594658757#2,4
9940.0,-594658757#2,4
9960.0,-594658757#2,4
9980.0,-594658757#2,4
10000.0,-594658757#2,4
10020.0,-594658757#2,4
10040.0,-594658757#2,4
10060.0,-594658757#2,4
10080.0,-594658757#2,4
10100.0,-594658757#2,4
10120.0,-594658757#2,4
10140.0,-594658757#2,4
10160.0,-594658757#2,4
10180.0,-594658757#2,3
10200.0,-594658757#2,3
10220.0,-594658757#2,3
10240.0,-594658757#2,3
10260.0,-594658757#2,3
10280.0,-594658757#2,3
10300.0,-594658757#2,3
10320.0,-594658757#2,3
10340.0,-594658757#2,3
10360.0,-594658757#2,3
10380.0,-594658757#2,3
10400.0,-594658757#2,3
10420.0,-594658757#2,3
10440.0,-594658757#2,3
10460.0,-594658757#2,3
10480.0,-594658757#2,2
10480.0,303647015#0,1
10500.0,-594658757#2,2
10520.0,-594658757#2,2
10540.0,-594658757#2,2
10560.0,-594658757#2,2
10580.0,-594658757#2,2
10600.0,-594658757#2,2
10620.0,-594658757#2,2
10640.0,-594658757#2,2
10660.0,-594658757#2,2
10680.0,-594658757#2,2
10700.0,-594658757#2,2
10720.0,-594658757#2,2
10740.0,-594658757#2,2
10760.0,-594658757#2,2
10780.0,-594658757#2,1
10780.0,303647015#0,1
10800.0,-594658757#2,1
10820.0,-594658757#2,1
10840.0,-594658757#2,1
10860.0,-594658757#2,1
10880.0,-594658757#2,1
10900.0,-594658757#2,1
10920.0,-594658757#2,1
10940.0,-594658757#2,1
10960.0,-594658757#2,1
10980.0,-594658757#2,1
